# java golden · graphite press (GenericCrafter, no power)
# world: 24x24 all-air, seed=1, Time.delta=1, waves=false, canGameOver=false
# block: graphite-press @ (5,5) size=2 team=sharded, footprint (5,5)-(6,6), neighbours=(none)
#   craftTime=90f, consumeItem(coal,2), outputItem=graphite x1, itemCapacity=10
#   NO consumePower -> hasPower=false, consPower=null, power module is null
# efficiency: block.hasConsumers=true -> BuildingComp.updateConsumption() SLOW PATH:
#   efficiency = min(nonOptionalConsumers) = ConsumeItems.efficiency = items.has(coal,2) ? 1 : 0
#   potentialEfficiency = efficiency before shouldConsume() zeroes it
#   shouldConsumePower = false iff some non-power consumer has efficiency <= 1e-7
# columns: tick|progress|warmup|totalProgress|coal|graphite|efficiency|potentialEfficiency|shouldConsumePower
#   progress is the RAW field (not clamped); warmup creeps to 1 at 0.019/tick; totalProgress += warmup*delta
# [A] coal=20 (need 2 per craft): 1/90 progress per tick -> craft() around tick 90 and tick 180
#     isolated -> craft()'s offload(graphite) falls back to items.add, so the output stays visible
0|0.0|0.0|0.0|20|0|0.0|0.0|false
1|0.011111111|0.019|0.019|20|0|1.0|1.0|true
2|0.022222223|0.038|0.056999996|20|0|1.0|1.0|true
3|0.033333335|0.056999996|0.11399999|20|0|1.0|1.0|true
4|0.044444446|0.076|0.19|20|0|1.0|1.0|true
5|0.055555556|0.095|0.285|20|0|1.0|1.0|true
6|0.06666667|0.114|0.399|20|0|1.0|1.0|true
7|0.07777778|0.133|0.532|20|0|1.0|1.0|true
8|0.08888889|0.152|0.684|20|0|1.0|1.0|true
9|0.1|0.17099999|0.855|20|0|1.0|1.0|true
10|0.11111111|0.18999998|1.045|20|0|1.0|1.0|true
11|0.12222222|0.20899998|1.254|20|0|1.0|1.0|true
12|0.13333334|0.22799997|1.4819999|20|0|1.0|1.0|true
13|0.14444445|0.24699996|1.7289999|20|0|1.0|1.0|true
14|0.15555556|0.26599997|1.9949999|20|0|1.0|1.0|true
15|0.16666667|0.28499997|2.2799997|20|0|1.0|1.0|true
16|0.17777778|0.30399996|2.5839996|20|0|1.0|1.0|true
17|0.18888889|0.32299995|2.9069996|20|0|1.0|1.0|true
18|0.2|0.34199995|3.2489996|20|0|1.0|1.0|true
19|0.21111111|0.36099994|3.6099997|20|0|1.0|1.0|true
20|0.22222222|0.37999994|3.9899995|20|0|1.0|1.0|true
21|0.23333333|0.39899993|4.3889995|20|0|1.0|1.0|true
22|0.24444444|0.41799992|4.806999|20|0|1.0|1.0|true
23|0.25555557|0.43699992|5.243999|20|0|1.0|1.0|true
24|0.26666668|0.4559999|5.699999|20|0|1.0|1.0|true
25|0.2777778|0.4749999|6.1749988|20|0|1.0|1.0|true
26|0.2888889|0.4939999|6.6689987|20|0|1.0|1.0|true
27|0.3|0.5129999|7.1819987|20|0|1.0|1.0|true
28|0.31111112|0.5319999|7.713999|20|0|1.0|1.0|true
29|0.32222223|0.5509999|8.264998|20|0|1.0|1.0|true
30|0.33333334|0.5699999|8.834998|20|0|1.0|1.0|true
31|0.34444445|0.58899987|9.423998|20|0|1.0|1.0|true
32|0.35555556|0.60799986|10.031998|20|0|1.0|1.0|true
33|0.36666667|0.62699986|10.658998|20|0|1.0|1.0|true
34|0.37777779|0.64599985|11.304997|20|0|1.0|1.0|true
35|0.3888889|0.66499984|11.969997|20|0|1.0|1.0|true
36|0.4|0.68399984|12.653997|20|0|1.0|1.0|true
37|0.41111112|0.70299983|13.3569975|20|0|1.0|1.0|true
38|0.42222223|0.7219998|14.078998|20|0|1.0|1.0|true
39|0.43333334|0.7409998|14.819998|20|0|1.0|1.0|true
40|0.44444445|0.7599998|15.579998|20|0|1.0|1.0|true
41|0.45555556|0.7789998|16.358997|20|0|1.0|1.0|true
42|0.46666667|0.7979998|17.156998|20|0|1.0|1.0|true
43|0.47777778|0.8169998|17.973997|20|0|1.0|1.0|true
44|0.4888889|0.8359998|18.809998|20|0|1.0|1.0|true
45|0.5|0.8549998|19.664997|20|0|1.0|1.0|true
46|0.51111114|0.8739998|20.538998|20|0|1.0|1.0|true
47|0.5222223|0.89299977|21.431997|20|0|1.0|1.0|true
48|0.5333334|0.91199976|22.343998|20|0|1.0|1.0|true
49|0.54444456|0.93099976|23.274998|20|0|1.0|1.0|true
50|0.5555557|0.94999975|24.224997|20|0|1.0|1.0|true
51|0.56666684|0.96899974|25.193996|20|0|1.0|1.0|true
52|0.577778|0.98799974|26.181995|20|0|1.0|1.0|true
53|0.5888891|1.0|27.181995|20|0|1.0|1.0|true
54|0.60000026|1.0|28.181995|20|0|1.0|1.0|true
55|0.6111114|1.0|29.181995|20|0|1.0|1.0|true
56|0.62222254|1.0|30.181995|20|0|1.0|1.0|true
57|0.6333337|1.0|31.181995|20|0|1.0|1.0|true
58|0.6444448|1.0|32.181995|20|0|1.0|1.0|true
59|0.65555596|1.0|33.181995|20|0|1.0|1.0|true
60|0.6666671|1.0|34.181995|20|0|1.0|1.0|true
61|0.67777824|1.0|35.181995|20|0|1.0|1.0|true
62|0.6888894|1.0|36.181995|20|0|1.0|1.0|true
63|0.7000005|1.0|37.181995|20|0|1.0|1.0|true
64|0.71111166|1.0|38.181995|20|0|1.0|1.0|true
65|0.7222228|1.0|39.181995|20|0|1.0|1.0|true
66|0.73333395|1.0|40.181995|20|0|1.0|1.0|true
67|0.7444451|1.0|41.181995|20|0|1.0|1.0|true
68|0.7555562|1.0|42.181995|20|0|1.0|1.0|true
69|0.76666737|1.0|43.181995|20|0|1.0|1.0|true
70|0.7777785|1.0|44.181995|20|0|1.0|1.0|true
71|0.78888965|1.0|45.181995|20|0|1.0|1.0|true
72|0.8000008|1.0|46.181995|20|0|1.0|1.0|true
73|0.8111119|1.0|47.181995|20|0|1.0|1.0|true
74|0.82222307|1.0|48.181995|20|0|1.0|1.0|true
75|0.8333342|1.0|49.181995|20|0|1.0|1.0|true
76|0.84444535|1.0|50.181995|20|0|1.0|1.0|true
77|0.8555565|1.0|51.181995|20|0|1.0|1.0|true
78|0.8666676|1.0|52.181995|20|0|1.0|1.0|true
79|0.87777877|1.0|53.181995|20|0|1.0|1.0|true
80|0.8888899|1.0|54.181995|20|0|1.0|1.0|true
81|0.90000105|1.0|55.181995|20|0|1.0|1.0|true
82|0.9111122|1.0|56.181995|20|0|1.0|1.0|true
83|0.9222233|1.0|57.181995|20|0|1.0|1.0|true
84|0.93333447|1.0|58.181995|20|0|1.0|1.0|true
85|0.9444456|1.0|59.181995|20|0|1.0|1.0|true
86|0.95555675|1.0|60.181995|20|0|1.0|1.0|true
87|0.9666679|1.0|61.181995|20|0|1.0|1.0|true
88|0.97777903|1.0|62.181995|20|0|1.0|1.0|true
89|0.9888902|1.0|63.181995|20|0|1.0|1.0|true
90|1.3113022E-6|1.0|64.18199|18|1|1.0|1.0|true
91|0.011112423|1.0|65.18199|18|1|1.0|1.0|true
92|0.022223534|1.0|66.18199|18|1|1.0|1.0|true
93|0.033334646|1.0|67.18199|18|1|1.0|1.0|true
94|0.044445757|1.0|68.18199|18|1|1.0|1.0|true
95|0.055556867|1.0|69.18199|18|1|1.0|1.0|true
96|0.06666798|1.0|70.18199|18|1|1.0|1.0|true
97|0.07777909|1.0|71.18199|18|1|1.0|1.0|true
98|0.0888902|1.0|72.18199|18|1|1.0|1.0|true
99|0.10000131|1.0|73.18199|18|1|1.0|1.0|true
100|0.11111242|1.0|74.18199|18|1|1.0|1.0|true
101|0.12222353|1.0|75.18199|18|1|1.0|1.0|true
102|0.13333465|1.0|76.18199|18|1|1.0|1.0|true
103|0.14444576|1.0|77.18199|18|1|1.0|1.0|true
104|0.15555687|1.0|78.18199|18|1|1.0|1.0|true
105|0.16666798|1.0|79.18199|18|1|1.0|1.0|true
106|0.1777791|1.0|80.18199|18|1|1.0|1.0|true
107|0.1888902|1.0|81.18199|18|1|1.0|1.0|true
108|0.20000131|1.0|82.18199|18|1|1.0|1.0|true
109|0.21111242|1.0|83.18199|18|1|1.0|1.0|true
110|0.22222354|1.0|84.18199|18|1|1.0|1.0|true
111|0.23333465|1.0|85.18199|18|1|1.0|1.0|true
112|0.24444576|1.0|86.18199|18|1|1.0|1.0|true
113|0.25555688|1.0|87.18199|18|1|1.0|1.0|true
114|0.266668|1.0|88.18199|18|1|1.0|1.0|true
115|0.2777791|1.0|89.18199|18|1|1.0|1.0|true
116|0.2888902|1.0|90.18199|18|1|1.0|1.0|true
117|0.30000132|1.0|91.18199|18|1|1.0|1.0|true
118|0.31111243|1.0|92.18199|18|1|1.0|1.0|true
119|0.32222354|1.0|93.18199|18|1|1.0|1.0|true
120|0.33333465|1.0|94.18199|18|1|1.0|1.0|true
121|0.34444577|1.0|95.18199|18|1|1.0|1.0|true
122|0.35555688|1.0|96.18199|18|1|1.0|1.0|true
123|0.366668|1.0|97.18199|18|1|1.0|1.0|true
124|0.3777791|1.0|98.18199|18|1|1.0|1.0|true
125|0.3888902|1.0|99.18199|18|1|1.0|1.0|true
126|0.40000132|1.0|100.18199|18|1|1.0|1.0|true
127|0.41111243|1.0|101.18199|18|1|1.0|1.0|true
128|0.42222354|1.0|102.18199|18|1|1.0|1.0|true
129|0.43333465|1.0|103.18199|18|1|1.0|1.0|true
130|0.44444576|1.0|104.18199|18|1|1.0|1.0|true
131|0.45555687|1.0|105.18199|18|1|1.0|1.0|true
132|0.46666798|1.0|106.18199|18|1|1.0|1.0|true
133|0.4777791|1.0|107.18199|18|1|1.0|1.0|true
134|0.4888902|1.0|108.18199|18|1|1.0|1.0|true
135|0.5000013|1.0|109.18199|18|1|1.0|1.0|true
136|0.51111245|1.0|110.18199|18|1|1.0|1.0|true
137|0.5222236|1.0|111.18199|18|1|1.0|1.0|true
138|0.53333473|1.0|112.18199|18|1|1.0|1.0|true
139|0.5444459|1.0|113.18199|18|1|1.0|1.0|true
140|0.555557|1.0|114.18199|18|1|1.0|1.0|true
141|0.56666815|1.0|115.18199|18|1|1.0|1.0|true
142|0.5777793|1.0|116.18199|18|1|1.0|1.0|true
143|0.58889043|1.0|117.18199|18|1|1.0|1.0|true
144|0.6000016|1.0|118.18199|18|1|1.0|1.0|true
145|0.6111127|1.0|119.18199|18|1|1.0|1.0|true
146|0.62222385|1.0|120.18199|18|1|1.0|1.0|true
147|0.633335|1.0|121.18199|18|1|1.0|1.0|true
148|0.64444613|1.0|122.18199|18|1|1.0|1.0|true
149|0.6555573|1.0|123.18199|18|1|1.0|1.0|true
150|0.6666684|1.0|124.18199|18|1|1.0|1.0|true
151|0.67777956|1.0|125.18199|18|1|1.0|1.0|true
152|0.6888907|1.0|126.18199|18|1|1.0|1.0|true
153|0.70000184|1.0|127.18199|18|1|1.0|1.0|true
154|0.711113|1.0|128.18199|18|1|1.0|1.0|true
155|0.7222241|1.0|129.18199|18|1|1.0|1.0|true
156|0.73333526|1.0|130.18199|18|1|1.0|1.0|true
157|0.7444464|1.0|131.18199|18|1|1.0|1.0|true
158|0.75555754|1.0|132.18199|18|1|1.0|1.0|true
159|0.7666687|1.0|133.18199|18|1|1.0|1.0|true
160|0.7777798|1.0|134.18199|18|1|1.0|1.0|true
161|0.78889096|1.0|135.18199|18|1|1.0|1.0|true
162|0.8000021|1.0|136.18199|18|1|1.0|1.0|true
163|0.81111324|1.0|137.18199|18|1|1.0|1.0|true
164|0.8222244|1.0|138.18199|18|1|1.0|1.0|true
165|0.8333355|1.0|139.18199|18|1|1.0|1.0|true
166|0.84444666|1.0|140.18199|18|1|1.0|1.0|true
167|0.8555578|1.0|141.18199|18|1|1.0|1.0|true
168|0.86666894|1.0|142.18199|18|1|1.0|1.0|true
169|0.8777801|1.0|143.18199|18|1|1.0|1.0|true
170|0.8888912|1.0|144.18199|18|1|1.0|1.0|true
171|0.90000236|1.0|145.18199|18|1|1.0|1.0|true
172|0.9111135|1.0|146.18199|18|1|1.0|1.0|true
173|0.92222464|1.0|147.18199|18|1|1.0|1.0|true
174|0.9333358|1.0|148.18199|18|1|1.0|1.0|true
175|0.9444469|1.0|149.18199|18|1|1.0|1.0|true
176|0.95555806|1.0|150.18199|18|1|1.0|1.0|true
177|0.9666692|1.0|151.18199|18|1|1.0|1.0|true
178|0.97778034|1.0|152.18199|18|1|1.0|1.0|true
179|0.9888915|1.0|153.18199|18|1|1.0|1.0|true
180|2.6226044E-6|1.0|154.18199|16|2|1.0|1.0|true
181|0.011113734|1.0|155.18199|16|2|1.0|1.0|true
182|0.022224845|1.0|156.18199|16|2|1.0|1.0|true
183|0.033335958|1.0|157.18199|16|2|1.0|1.0|true
184|0.044447068|1.0|158.18199|16|2|1.0|1.0|true
185|0.05555818|1.0|159.18199|16|2|1.0|1.0|true
186|0.06666929|1.0|160.18199|16|2|1.0|1.0|true
187|0.0777804|1.0|161.18199|16|2|1.0|1.0|true
188|0.08889151|1.0|162.18199|16|2|1.0|1.0|true
189|0.100002624|1.0|163.18199|16|2|1.0|1.0|true
190|0.111113735|1.0|164.18199|16|2|1.0|1.0|true
191|0.122224845|1.0|165.18199|16|2|1.0|1.0|true
192|0.13333596|1.0|166.18199|16|2|1.0|1.0|true
193|0.14444707|1.0|167.18199|16|2|1.0|1.0|true
194|0.15555818|1.0|168.18199|16|2|1.0|1.0|true
195|0.1666693|1.0|169.18199|16|2|1.0|1.0|true
196|0.1777804|1.0|170.18199|16|2|1.0|1.0|true
197|0.18889152|1.0|171.18199|16|2|1.0|1.0|true
198|0.20000263|1.0|172.18199|16|2|1.0|1.0|true
199|0.21111374|1.0|173.18199|16|2|1.0|1.0|true
200|0.22222485|1.0|174.18199|16|2|1.0|1.0|true
# [A] graphite reached 1 @ tick 90, 2 @ tick 180; coal left @ tick 200 = 16 (2 consumed per craft), graphite = 2
#
# [B] coal=1 (need 2): ConsumeItems.efficiency=0 -> efficiency=potentialEfficiency=0,
#     progress never grows, warmup stays at 0 (no updateTile ramp), coal is never consumed
0|0.0|0.0|0.0|1|0|0.0|0.0|false
1|0.0|0.0|0.0|1|0|0.0|0.0|false
2|0.0|0.0|0.0|1|0|0.0|0.0|false
3|0.0|0.0|0.0|1|0|0.0|0.0|false
4|0.0|0.0|0.0|1|0|0.0|0.0|false
5|0.0|0.0|0.0|1|0|0.0|0.0|false
6|0.0|0.0|0.0|1|0|0.0|0.0|false
7|0.0|0.0|0.0|1|0|0.0|0.0|false
8|0.0|0.0|0.0|1|0|0.0|0.0|false
9|0.0|0.0|0.0|1|0|0.0|0.0|false
10|0.0|0.0|0.0|1|0|0.0|0.0|false
11|0.0|0.0|0.0|1|0|0.0|0.0|false
12|0.0|0.0|0.0|1|0|0.0|0.0|false
13|0.0|0.0|0.0|1|0|0.0|0.0|false
14|0.0|0.0|0.0|1|0|0.0|0.0|false
15|0.0|0.0|0.0|1|0|0.0|0.0|false
16|0.0|0.0|0.0|1|0|0.0|0.0|false
17|0.0|0.0|0.0|1|0|0.0|0.0|false
18|0.0|0.0|0.0|1|0|0.0|0.0|false
19|0.0|0.0|0.0|1|0|0.0|0.0|false
20|0.0|0.0|0.0|1|0|0.0|0.0|false
21|0.0|0.0|0.0|1|0|0.0|0.0|false
22|0.0|0.0|0.0|1|0|0.0|0.0|false
23|0.0|0.0|0.0|1|0|0.0|0.0|false
24|0.0|0.0|0.0|1|0|0.0|0.0|false
25|0.0|0.0|0.0|1|0|0.0|0.0|false
26|0.0|0.0|0.0|1|0|0.0|0.0|false
27|0.0|0.0|0.0|1|0|0.0|0.0|false
28|0.0|0.0|0.0|1|0|0.0|0.0|false
29|0.0|0.0|0.0|1|0|0.0|0.0|false
30|0.0|0.0|0.0|1|0|0.0|0.0|false
31|0.0|0.0|0.0|1|0|0.0|0.0|false
32|0.0|0.0|0.0|1|0|0.0|0.0|false
33|0.0|0.0|0.0|1|0|0.0|0.0|false
34|0.0|0.0|0.0|1|0|0.0|0.0|false
35|0.0|0.0|0.0|1|0|0.0|0.0|false
36|0.0|0.0|0.0|1|0|0.0|0.0|false
37|0.0|0.0|0.0|1|0|0.0|0.0|false
38|0.0|0.0|0.0|1|0|0.0|0.0|false
39|0.0|0.0|0.0|1|0|0.0|0.0|false
40|0.0|0.0|0.0|1|0|0.0|0.0|false
41|0.0|0.0|0.0|1|0|0.0|0.0|false
42|0.0|0.0|0.0|1|0|0.0|0.0|false
43|0.0|0.0|0.0|1|0|0.0|0.0|false
44|0.0|0.0|0.0|1|0|0.0|0.0|false
45|0.0|0.0|0.0|1|0|0.0|0.0|false
46|0.0|0.0|0.0|1|0|0.0|0.0|false
47|0.0|0.0|0.0|1|0|0.0|0.0|false
48|0.0|0.0|0.0|1|0|0.0|0.0|false
49|0.0|0.0|0.0|1|0|0.0|0.0|false
50|0.0|0.0|0.0|1|0|0.0|0.0|false
51|0.0|0.0|0.0|1|0|0.0|0.0|false
52|0.0|0.0|0.0|1|0|0.0|0.0|false
53|0.0|0.0|0.0|1|0|0.0|0.0|false
54|0.0|0.0|0.0|1|0|0.0|0.0|false
55|0.0|0.0|0.0|1|0|0.0|0.0|false
56|0.0|0.0|0.0|1|0|0.0|0.0|false
57|0.0|0.0|0.0|1|0|0.0|0.0|false
58|0.0|0.0|0.0|1|0|0.0|0.0|false
59|0.0|0.0|0.0|1|0|0.0|0.0|false
60|0.0|0.0|0.0|1|0|0.0|0.0|false
61|0.0|0.0|0.0|1|0|0.0|0.0|false
62|0.0|0.0|0.0|1|0|0.0|0.0|false
63|0.0|0.0|0.0|1|0|0.0|0.0|false
64|0.0|0.0|0.0|1|0|0.0|0.0|false
65|0.0|0.0|0.0|1|0|0.0|0.0|false
66|0.0|0.0|0.0|1|0|0.0|0.0|false
67|0.0|0.0|0.0|1|0|0.0|0.0|false
68|0.0|0.0|0.0|1|0|0.0|0.0|false
69|0.0|0.0|0.0|1|0|0.0|0.0|false
70|0.0|0.0|0.0|1|0|0.0|0.0|false
71|0.0|0.0|0.0|1|0|0.0|0.0|false
72|0.0|0.0|0.0|1|0|0.0|0.0|false
73|0.0|0.0|0.0|1|0|0.0|0.0|false
74|0.0|0.0|0.0|1|0|0.0|0.0|false
75|0.0|0.0|0.0|1|0|0.0|0.0|false
76|0.0|0.0|0.0|1|0|0.0|0.0|false
77|0.0|0.0|0.0|1|0|0.0|0.0|false
78|0.0|0.0|0.0|1|0|0.0|0.0|false
79|0.0|0.0|0.0|1|0|0.0|0.0|false
80|0.0|0.0|0.0|1|0|0.0|0.0|false
81|0.0|0.0|0.0|1|0|0.0|0.0|false
82|0.0|0.0|0.0|1|0|0.0|0.0|false
83|0.0|0.0|0.0|1|0|0.0|0.0|false
84|0.0|0.0|0.0|1|0|0.0|0.0|false
85|0.0|0.0|0.0|1|0|0.0|0.0|false
86|0.0|0.0|0.0|1|0|0.0|0.0|false
87|0.0|0.0|0.0|1|0|0.0|0.0|false
88|0.0|0.0|0.0|1|0|0.0|0.0|false
89|0.0|0.0|0.0|1|0|0.0|0.0|false
90|0.0|0.0|0.0|1|0|0.0|0.0|false
91|0.0|0.0|0.0|1|0|0.0|0.0|false
92|0.0|0.0|0.0|1|0|0.0|0.0|false
93|0.0|0.0|0.0|1|0|0.0|0.0|false
94|0.0|0.0|0.0|1|0|0.0|0.0|false
95|0.0|0.0|0.0|1|0|0.0|0.0|false
96|0.0|0.0|0.0|1|0|0.0|0.0|false
97|0.0|0.0|0.0|1|0|0.0|0.0|false
98|0.0|0.0|0.0|1|0|0.0|0.0|false
99|0.0|0.0|0.0|1|0|0.0|0.0|false
100|0.0|0.0|0.0|1|0|0.0|0.0|false
101|0.0|0.0|0.0|1|0|0.0|0.0|false
102|0.0|0.0|0.0|1|0|0.0|0.0|false
103|0.0|0.0|0.0|1|0|0.0|0.0|false
104|0.0|0.0|0.0|1|0|0.0|0.0|false
105|0.0|0.0|0.0|1|0|0.0|0.0|false
106|0.0|0.0|0.0|1|0|0.0|0.0|false
107|0.0|0.0|0.0|1|0|0.0|0.0|false
108|0.0|0.0|0.0|1|0|0.0|0.0|false
109|0.0|0.0|0.0|1|0|0.0|0.0|false
110|0.0|0.0|0.0|1|0|0.0|0.0|false
111|0.0|0.0|0.0|1|0|0.0|0.0|false
112|0.0|0.0|0.0|1|0|0.0|0.0|false
113|0.0|0.0|0.0|1|0|0.0|0.0|false
114|0.0|0.0|0.0|1|0|0.0|0.0|false
115|0.0|0.0|0.0|1|0|0.0|0.0|false
116|0.0|0.0|0.0|1|0|0.0|0.0|false
117|0.0|0.0|0.0|1|0|0.0|0.0|false
118|0.0|0.0|0.0|1|0|0.0|0.0|false
119|0.0|0.0|0.0|1|0|0.0|0.0|false
120|0.0|0.0|0.0|1|0|0.0|0.0|false
# [B] @ tick 120: coal=1 (unchanged), graphite=0, progress=0.0, shouldConsumePower=false -> a starved factory is NOT counted by PowerGraph.getPowerNeeded()
#
# [probe] one-shot shouldConsumePower after a single updateConsumption()
# columns: coal|efficiency|potentialEfficiency|shouldConsumePower
1|0.0|0.0|false  # coal=1 < 2 -> not enough input
2|1.0|1.0|true  # coal=2 -> enough input
