# java golden · power grid (combustion-generator -> silicon-smelter)
# world: 24x24 all-air, seed=1, Time.delta=1, waves=false, canGameOver=false
# generator: combustion-generator size=1 powerProduction=1f itemDuration=120f consume(ConsumeItemFlammable)
#   getPowerProduction() = powerProduction * productionEfficiency; coal.flammability=1f -> prodEff=efficiency
# consumer: silicon-smelter size=2 consumePower(0.50f) craftTime=40 outputItem=silicon x1,
#   consumeItems(coal 1, sand 2) -- pre-stocked so power is the ONLY limiting factor
# driver: logic.update() -> updateEntities() -> Groups.powerGraph.update() BEFORE Groups.build.update()
# note: Block.conductivePower defaults to false -> smelters do NOT conduct to each other;
#       powerNode (consumesPower=false, outputsPower=false) conducts by adjacency without being counted
# columns: tick|powerNeeded|powerProduced|coverage|efficiency|genProductionEfficiency|genCoal|smelterProgress|smelterSilicon
#   powerNeeded/powerProduced are PowerGraph-level (getLastPowerNeeded/getLastPowerProduced)
#   coverage == the observed consumer's power.status; the two generator columns are null when there is no generator
# [1] isolated smelter @ (5,5), no generator: needed=0.5 produced=0 -> coverage=0, efficiency=0, no output
0|0.0|0.0|0.0|0.0|null|null|0.0|0
1|0.0|0.0|0.0|0.0|null|null|0.0|0
2|0.5|0.0|0.0|0.0|null|null|0.0|0
3|0.5|0.0|0.0|0.0|null|null|0.0|0
4|0.5|0.0|0.0|0.0|null|null|0.0|0
5|0.5|0.0|0.0|0.0|null|null|0.0|0
6|0.5|0.0|0.0|0.0|null|null|0.0|0
7|0.5|0.0|0.0|0.0|null|null|0.0|0
8|0.5|0.0|0.0|0.0|null|null|0.0|0
9|0.5|0.0|0.0|0.0|null|null|0.0|0
10|0.5|0.0|0.0|0.0|null|null|0.0|0
11|0.5|0.0|0.0|0.0|null|null|0.0|0
12|0.5|0.0|0.0|0.0|null|null|0.0|0
13|0.5|0.0|0.0|0.0|null|null|0.0|0
14|0.5|0.0|0.0|0.0|null|null|0.0|0
15|0.5|0.0|0.0|0.0|null|null|0.0|0
16|0.5|0.0|0.0|0.0|null|null|0.0|0
17|0.5|0.0|0.0|0.0|null|null|0.0|0
18|0.5|0.0|0.0|0.0|null|null|0.0|0
19|0.5|0.0|0.0|0.0|null|null|0.0|0
20|0.5|0.0|0.0|0.0|null|null|0.0|0
21|0.5|0.0|0.0|0.0|null|null|0.0|0
22|0.5|0.0|0.0|0.0|null|null|0.0|0
23|0.5|0.0|0.0|0.0|null|null|0.0|0
24|0.5|0.0|0.0|0.0|null|null|0.0|0
25|0.5|0.0|0.0|0.0|null|null|0.0|0
26|0.5|0.0|0.0|0.0|null|null|0.0|0
27|0.5|0.0|0.0|0.0|null|null|0.0|0
28|0.5|0.0|0.0|0.0|null|null|0.0|0
29|0.5|0.0|0.0|0.0|null|null|0.0|0
30|0.5|0.0|0.0|0.0|null|null|0.0|0
31|0.5|0.0|0.0|0.0|null|null|0.0|0
32|0.5|0.0|0.0|0.0|null|null|0.0|0
33|0.5|0.0|0.0|0.0|null|null|0.0|0
34|0.5|0.0|0.0|0.0|null|null|0.0|0
35|0.5|0.0|0.0|0.0|null|null|0.0|0
36|0.5|0.0|0.0|0.0|null|null|0.0|0
37|0.5|0.0|0.0|0.0|null|null|0.0|0
38|0.5|0.0|0.0|0.0|null|null|0.0|0
39|0.5|0.0|0.0|0.0|null|null|0.0|0
40|0.5|0.0|0.0|0.0|null|null|0.0|0
41|0.5|0.0|0.0|0.0|null|null|0.0|0
42|0.5|0.0|0.0|0.0|null|null|0.0|0
43|0.5|0.0|0.0|0.0|null|null|0.0|0
44|0.5|0.0|0.0|0.0|null|null|0.0|0
45|0.5|0.0|0.0|0.0|null|null|0.0|0
46|0.5|0.0|0.0|0.0|null|null|0.0|0
47|0.5|0.0|0.0|0.0|null|null|0.0|0
48|0.5|0.0|0.0|0.0|null|null|0.0|0
49|0.5|0.0|0.0|0.0|null|null|0.0|0
50|0.5|0.0|0.0|0.0|null|null|0.0|0
51|0.5|0.0|0.0|0.0|null|null|0.0|0
52|0.5|0.0|0.0|0.0|null|null|0.0|0
53|0.5|0.0|0.0|0.0|null|null|0.0|0
54|0.5|0.0|0.0|0.0|null|null|0.0|0
55|0.5|0.0|0.0|0.0|null|null|0.0|0
56|0.5|0.0|0.0|0.0|null|null|0.0|0
57|0.5|0.0|0.0|0.0|null|null|0.0|0
58|0.5|0.0|0.0|0.0|null|null|0.0|0
59|0.5|0.0|0.0|0.0|null|null|0.0|0
60|0.5|0.0|0.0|0.0|null|null|0.0|0
61|0.5|0.0|0.0|0.0|null|null|0.0|0
62|0.5|0.0|0.0|0.0|null|null|0.0|0
63|0.5|0.0|0.0|0.0|null|null|0.0|0
64|0.5|0.0|0.0|0.0|null|null|0.0|0
65|0.5|0.0|0.0|0.0|null|null|0.0|0
66|0.5|0.0|0.0|0.0|null|null|0.0|0
67|0.5|0.0|0.0|0.0|null|null|0.0|0
68|0.5|0.0|0.0|0.0|null|null|0.0|0
69|0.5|0.0|0.0|0.0|null|null|0.0|0
70|0.5|0.0|0.0|0.0|null|null|0.0|0
71|0.5|0.0|0.0|0.0|null|null|0.0|0
72|0.5|0.0|0.0|0.0|null|null|0.0|0
73|0.5|0.0|0.0|0.0|null|null|0.0|0
74|0.5|0.0|0.0|0.0|null|null|0.0|0
75|0.5|0.0|0.0|0.0|null|null|0.0|0
76|0.5|0.0|0.0|0.0|null|null|0.0|0
77|0.5|0.0|0.0|0.0|null|null|0.0|0
78|0.5|0.0|0.0|0.0|null|null|0.0|0
79|0.5|0.0|0.0|0.0|null|null|0.0|0
80|0.5|0.0|0.0|0.0|null|null|0.0|0
81|0.5|0.0|0.0|0.0|null|null|0.0|0
82|0.5|0.0|0.0|0.0|null|null|0.0|0
83|0.5|0.0|0.0|0.0|null|null|0.0|0
84|0.5|0.0|0.0|0.0|null|null|0.0|0
85|0.5|0.0|0.0|0.0|null|null|0.0|0
86|0.5|0.0|0.0|0.0|null|null|0.0|0
87|0.5|0.0|0.0|0.0|null|null|0.0|0
88|0.5|0.0|0.0|0.0|null|null|0.0|0
89|0.5|0.0|0.0|0.0|null|null|0.0|0
90|0.5|0.0|0.0|0.0|null|null|0.0|0
91|0.5|0.0|0.0|0.0|null|null|0.0|0
92|0.5|0.0|0.0|0.0|null|null|0.0|0
93|0.5|0.0|0.0|0.0|null|null|0.0|0
94|0.5|0.0|0.0|0.0|null|null|0.0|0
95|0.5|0.0|0.0|0.0|null|null|0.0|0
96|0.5|0.0|0.0|0.0|null|null|0.0|0
97|0.5|0.0|0.0|0.0|null|null|0.0|0
98|0.5|0.0|0.0|0.0|null|null|0.0|0
99|0.5|0.0|0.0|0.0|null|null|0.0|0
100|0.5|0.0|0.0|0.0|null|null|0.0|0
101|0.5|0.0|0.0|0.0|null|null|0.0|0
102|0.5|0.0|0.0|0.0|null|null|0.0|0
103|0.5|0.0|0.0|0.0|null|null|0.0|0
104|0.5|0.0|0.0|0.0|null|null|0.0|0
105|0.5|0.0|0.0|0.0|null|null|0.0|0
106|0.5|0.0|0.0|0.0|null|null|0.0|0
107|0.5|0.0|0.0|0.0|null|null|0.0|0
108|0.5|0.0|0.0|0.0|null|null|0.0|0
109|0.5|0.0|0.0|0.0|null|null|0.0|0
110|0.5|0.0|0.0|0.0|null|null|0.0|0
111|0.5|0.0|0.0|0.0|null|null|0.0|0
112|0.5|0.0|0.0|0.0|null|null|0.0|0
113|0.5|0.0|0.0|0.0|null|null|0.0|0
114|0.5|0.0|0.0|0.0|null|null|0.0|0
115|0.5|0.0|0.0|0.0|null|null|0.0|0
116|0.5|0.0|0.0|0.0|null|null|0.0|0
117|0.5|0.0|0.0|0.0|null|null|0.0|0
118|0.5|0.0|0.0|0.0|null|null|0.0|0
119|0.5|0.0|0.0|0.0|null|null|0.0|0
120|0.5|0.0|0.0|0.0|null|null|0.0|0
# [1] @ tick 120: silicon=0 coal=10 sand=10 -> efficiency stayed 0, nothing was ever crafted
#
# [2] generator @ (5,5) + smelter @ (6,5): produced=1 needed=0.5 -> coverage=min(1, 1/0.5)=1
0|0.0|0.0|0.0|0.0|0.0|60|0.0|0
1|0.0|0.0|0.0|0.0|1.0|59|0.0|0
2|0.5|1.0|1.0|1.0|1.0|59|0.025|0
3|0.5|1.0|1.0|1.0|1.0|59|0.05|0
4|0.5|1.0|1.0|1.0|1.0|59|0.075|0
5|0.5|1.0|1.0|1.0|1.0|59|0.1|0
6|0.5|1.0|1.0|1.0|1.0|59|0.125|0
7|0.5|1.0|1.0|1.0|1.0|59|0.15|0
8|0.5|1.0|1.0|1.0|1.0|59|0.17500001|0
9|0.5|1.0|1.0|1.0|1.0|59|0.20000002|0
10|0.5|1.0|1.0|1.0|1.0|59|0.22500002|0
11|0.5|1.0|1.0|1.0|1.0|59|0.25000003|0
12|0.5|1.0|1.0|1.0|1.0|59|0.27500004|0
13|0.5|1.0|1.0|1.0|1.0|59|0.30000004|0
14|0.5|1.0|1.0|1.0|1.0|59|0.32500005|0
15|0.5|1.0|1.0|1.0|1.0|59|0.35000005|0
16|0.5|1.0|1.0|1.0|1.0|59|0.37500006|0
17|0.5|1.0|1.0|1.0|1.0|59|0.40000007|0
18|0.5|1.0|1.0|1.0|1.0|59|0.42500007|0
19|0.5|1.0|1.0|1.0|1.0|59|0.45000008|0
20|0.5|1.0|1.0|1.0|1.0|59|0.47500008|0
21|0.5|1.0|1.0|1.0|1.0|59|0.50000006|0
22|0.5|1.0|1.0|1.0|1.0|59|0.52500004|0
23|0.5|1.0|1.0|1.0|1.0|59|0.55|0
24|0.5|1.0|1.0|1.0|1.0|59|0.575|0
25|0.5|1.0|1.0|1.0|1.0|59|0.59999996|0
26|0.5|1.0|1.0|1.0|1.0|59|0.62499994|0
27|0.5|1.0|1.0|1.0|1.0|59|0.6499999|0
28|0.5|1.0|1.0|1.0|1.0|59|0.6749999|0
29|0.5|1.0|1.0|1.0|1.0|59|0.69999987|0
30|0.5|1.0|1.0|1.0|1.0|59|0.72499985|0
31|0.5|1.0|1.0|1.0|1.0|59|0.7499998|0
32|0.5|1.0|1.0|1.0|1.0|59|0.7749998|0
33|0.5|1.0|1.0|1.0|1.0|59|0.7999998|0
34|0.5|1.0|1.0|1.0|1.0|59|0.82499975|0
35|0.5|1.0|1.0|1.0|1.0|59|0.8499997|0
36|0.5|1.0|1.0|1.0|1.0|59|0.8749997|0
37|0.5|1.0|1.0|1.0|1.0|59|0.8999997|0
38|0.5|1.0|1.0|1.0|1.0|59|0.92499965|0
39|0.5|1.0|1.0|1.0|1.0|59|0.94999963|0
40|0.5|1.0|1.0|1.0|1.0|59|0.9749996|0
41|0.5|1.0|1.0|1.0|1.0|59|0.9999996|0
42|0.5|1.0|1.0|1.0|1.0|59|0.024999619|1
43|0.5|1.0|1.0|1.0|1.0|59|0.049999617|1
44|0.5|1.0|1.0|1.0|1.0|59|0.074999616|1
45|0.5|1.0|1.0|1.0|1.0|59|0.099999614|1
46|0.5|1.0|1.0|1.0|1.0|59|0.12499961|1
47|0.5|1.0|1.0|1.0|1.0|59|0.14999962|1
48|0.5|1.0|1.0|1.0|1.0|59|0.17499962|1
49|0.5|1.0|1.0|1.0|1.0|59|0.19999963|1
50|0.5|1.0|1.0|1.0|1.0|59|0.22499964|1
51|0.5|1.0|1.0|1.0|1.0|59|0.24999964|1
52|0.5|1.0|1.0|1.0|1.0|59|0.27499965|1
53|0.5|1.0|1.0|1.0|1.0|59|0.29999965|1
54|0.5|1.0|1.0|1.0|1.0|59|0.32499966|1
55|0.5|1.0|1.0|1.0|1.0|59|0.34999967|1
56|0.5|1.0|1.0|1.0|1.0|59|0.37499967|1
57|0.5|1.0|1.0|1.0|1.0|59|0.39999968|1
58|0.5|1.0|1.0|1.0|1.0|59|0.42499968|1
59|0.5|1.0|1.0|1.0|1.0|59|0.4499997|1
60|0.5|1.0|1.0|1.0|1.0|59|0.4749997|1
61|0.5|1.0|1.0|1.0|1.0|59|0.4999997|1
62|0.5|1.0|1.0|1.0|1.0|59|0.5249997|1
63|0.5|1.0|1.0|1.0|1.0|59|0.54999965|1
64|0.5|1.0|1.0|1.0|1.0|59|0.57499963|1
65|0.5|1.0|1.0|1.0|1.0|59|0.5999996|1
66|0.5|1.0|1.0|1.0|1.0|59|0.6249996|1
67|0.5|1.0|1.0|1.0|1.0|59|0.64999956|1
68|0.5|1.0|1.0|1.0|1.0|59|0.67499954|1
69|0.5|1.0|1.0|1.0|1.0|59|0.6999995|1
70|0.5|1.0|1.0|1.0|1.0|59|0.7249995|1
71|0.5|1.0|1.0|1.0|1.0|59|0.74999946|1
72|0.5|1.0|1.0|1.0|1.0|59|0.77499944|1
73|0.5|1.0|1.0|1.0|1.0|59|0.7999994|1
74|0.5|1.0|1.0|1.0|1.0|59|0.8249994|1
75|0.5|1.0|1.0|1.0|1.0|59|0.84999937|1
76|0.5|1.0|1.0|1.0|1.0|59|0.87499934|1
77|0.5|1.0|1.0|1.0|1.0|59|0.8999993|1
78|0.5|1.0|1.0|1.0|1.0|59|0.9249993|1
79|0.5|1.0|1.0|1.0|1.0|59|0.9499993|1
80|0.5|1.0|1.0|1.0|1.0|59|0.97499925|1
81|0.5|1.0|1.0|1.0|1.0|59|0.9999992|1
82|0.5|1.0|1.0|1.0|1.0|59|0.02499926|2
83|0.5|1.0|1.0|1.0|1.0|59|0.04999926|2
84|0.5|1.0|1.0|1.0|1.0|59|0.07499926|2
85|0.5|1.0|1.0|1.0|1.0|59|0.09999926|2
86|0.5|1.0|1.0|1.0|1.0|59|0.124999255|2
87|0.5|1.0|1.0|1.0|1.0|59|0.14999926|2
88|0.5|1.0|1.0|1.0|1.0|59|0.17499927|2
89|0.5|1.0|1.0|1.0|1.0|59|0.19999927|2
90|0.5|1.0|1.0|1.0|1.0|59|0.22499928|2
91|0.5|1.0|1.0|1.0|1.0|59|0.24999928|2
92|0.5|1.0|1.0|1.0|1.0|59|0.2749993|2
93|0.5|1.0|1.0|1.0|1.0|59|0.2999993|2
94|0.5|1.0|1.0|1.0|1.0|59|0.3249993|2
95|0.5|1.0|1.0|1.0|1.0|59|0.3499993|2
96|0.5|1.0|1.0|1.0|1.0|59|0.3749993|2
97|0.5|1.0|1.0|1.0|1.0|59|0.39999932|2
98|0.5|1.0|1.0|1.0|1.0|59|0.42499933|2
99|0.5|1.0|1.0|1.0|1.0|59|0.44999933|2
100|0.5|1.0|1.0|1.0|1.0|59|0.47499934|2
101|0.5|1.0|1.0|1.0|1.0|59|0.49999934|2
102|0.5|1.0|1.0|1.0|1.0|59|0.5249993|2
103|0.5|1.0|1.0|1.0|1.0|59|0.5499993|2
104|0.5|1.0|1.0|1.0|1.0|59|0.5749993|2
105|0.5|1.0|1.0|1.0|1.0|59|0.59999925|2
106|0.5|1.0|1.0|1.0|1.0|59|0.6249992|2
107|0.5|1.0|1.0|1.0|1.0|59|0.6499992|2
108|0.5|1.0|1.0|1.0|1.0|59|0.6749992|2
109|0.5|1.0|1.0|1.0|1.0|59|0.69999915|2
110|0.5|1.0|1.0|1.0|1.0|59|0.7249991|2
111|0.5|1.0|1.0|1.0|1.0|59|0.7499991|2
112|0.5|1.0|1.0|1.0|1.0|59|0.7749991|2
113|0.5|1.0|1.0|1.0|1.0|59|0.79999906|2
114|0.5|1.0|1.0|1.0|1.0|59|0.82499903|2
115|0.5|1.0|1.0|1.0|1.0|59|0.849999|2
116|0.5|1.0|1.0|1.0|1.0|59|0.874999|2
117|0.5|1.0|1.0|1.0|1.0|59|0.89999896|2
118|0.5|1.0|1.0|1.0|1.0|59|0.92499894|2
119|0.5|1.0|1.0|1.0|1.0|59|0.9499989|2
120|0.5|1.0|1.0|1.0|1.0|59|0.9749989|2
# [2] @ tick 120: silicon=2 coal=8 sand=6; generator coal=59 -> full-speed crafting: one silicon every 40 ticks
#
# [3] generator @ (5,5) + powerNode chain (6,5)..(6,10) + smelters @ (7,5),(7,7),(7,9)
#     produced=1 needed=1.5 -> coverage=min(1, 1/1.5)=0.6666667 for EVERY consumer in the graph
0|0.0|0.0|0.0|0.0|0.0|60|0.0|0
1|0.0|0.0|0.0|0.0|1.0|59|0.0|0
2|1.5|1.0|0.6666667|0.6666667|1.0|59|0.016666668|0
3|1.5|1.0|0.6666667|0.6666667|1.0|59|0.033333335|0
4|1.5|1.0|0.6666667|0.6666667|1.0|59|0.050000004|0
5|1.5|1.0|0.6666667|0.6666667|1.0|59|0.06666667|0
6|1.5|1.0|0.6666667|0.6666667|1.0|59|0.083333336|0
7|1.5|1.0|0.6666667|0.6666667|1.0|59|0.1|0
8|1.5|1.0|0.6666667|0.6666667|1.0|59|0.11666667|0
9|1.5|1.0|0.6666667|0.6666667|1.0|59|0.13333334|0
10|1.5|1.0|0.6666667|0.6666667|1.0|59|0.15|0
11|1.5|1.0|0.6666667|0.6666667|1.0|59|0.16666667|0
12|1.5|1.0|0.6666667|0.6666667|1.0|59|0.18333334|0
13|1.5|1.0|0.6666667|0.6666667|1.0|59|0.2|0
14|1.5|1.0|0.6666667|0.6666667|1.0|59|0.21666667|0
15|1.5|1.0|0.6666667|0.6666667|1.0|59|0.23333333|0
16|1.5|1.0|0.6666667|0.6666667|1.0|59|0.25|0
17|1.5|1.0|0.6666667|0.6666667|1.0|59|0.26666668|0
18|1.5|1.0|0.6666667|0.6666667|1.0|59|0.28333336|0
19|1.5|1.0|0.6666667|0.6666667|1.0|59|0.30000004|0
20|1.5|1.0|0.6666667|0.6666667|1.0|59|0.31666672|0
21|1.5|1.0|0.6666667|0.6666667|1.0|59|0.3333334|0
22|1.5|1.0|0.6666667|0.6666667|1.0|59|0.35000008|0
23|1.5|1.0|0.6666667|0.6666667|1.0|59|0.36666676|0
24|1.5|1.0|0.6666667|0.6666667|1.0|59|0.38333344|0
25|1.5|1.0|0.6666667|0.6666667|1.0|59|0.40000013|0
26|1.5|1.0|0.6666667|0.6666667|1.0|59|0.4166668|0
27|1.5|1.0|0.6666667|0.6666667|1.0|59|0.4333335|0
28|1.5|1.0|0.6666667|0.6666667|1.0|59|0.45000017|0
29|1.5|1.0|0.6666667|0.6666667|1.0|59|0.46666685|0
30|1.5|1.0|0.6666667|0.6666667|1.0|59|0.48333353|0
31|1.5|1.0|0.6666667|0.6666667|1.0|59|0.5000002|0
32|1.5|1.0|0.6666667|0.6666667|1.0|59|0.5166668|0
33|1.5|1.0|0.6666667|0.6666667|1.0|59|0.5333335|0
34|1.5|1.0|0.6666667|0.6666667|1.0|59|0.55000013|0
35|1.5|1.0|0.6666667|0.6666667|1.0|59|0.5666668|0
36|1.5|1.0|0.6666667|0.6666667|1.0|59|0.58333343|0
37|1.5|1.0|0.6666667|0.6666667|1.0|59|0.6000001|0
38|1.5|1.0|0.6666667|0.6666667|1.0|59|0.61666673|0
39|1.5|1.0|0.6666667|0.6666667|1.0|59|0.6333334|0
40|1.5|1.0|0.6666667|0.6666667|1.0|59|0.65000004|0
41|1.5|1.0|0.6666667|0.6666667|1.0|59|0.6666667|0
42|1.5|1.0|0.6666667|0.6666667|1.0|59|0.68333334|0
43|1.5|1.0|0.6666667|0.6666667|1.0|59|0.7|0
44|1.5|1.0|0.6666667|0.6666667|1.0|59|0.71666664|0
45|1.5|1.0|0.6666667|0.6666667|1.0|59|0.7333333|0
46|1.5|1.0|0.6666667|0.6666667|1.0|59|0.74999994|0
47|1.5|1.0|0.6666667|0.6666667|1.0|59|0.7666666|0
48|1.5|1.0|0.6666667|0.6666667|1.0|59|0.78333324|0
49|1.5|1.0|0.6666667|0.6666667|1.0|59|0.7999999|0
50|1.5|1.0|0.6666667|0.6666667|1.0|59|0.81666654|0
51|1.5|1.0|0.6666667|0.6666667|1.0|59|0.8333332|0
52|1.5|1.0|0.6666667|0.6666667|1.0|59|0.84999985|0
53|1.5|1.0|0.6666667|0.6666667|1.0|59|0.8666665|0
54|1.5|1.0|0.6666667|0.6666667|1.0|59|0.88333315|0
55|1.5|1.0|0.6666667|0.6666667|1.0|59|0.8999998|0
56|1.5|1.0|0.6666667|0.6666667|1.0|59|0.91666645|0
57|1.5|1.0|0.6666667|0.6666667|1.0|59|0.9333331|0
58|1.5|1.0|0.6666667|0.6666667|1.0|59|0.94999975|0
59|1.5|1.0|0.6666667|0.6666667|1.0|59|0.9666664|0
60|1.5|1.0|0.6666667|0.6666667|1.0|59|0.98333305|0
61|1.5|1.0|0.6666667|0.6666667|1.0|59|0.9999997|0
62|1.5|1.0|0.6666667|0.6666667|1.0|59|0.016666412|1
63|1.5|1.0|0.6666667|0.6666667|1.0|59|0.033333078|1
64|1.5|1.0|0.6666667|0.6666667|1.0|59|0.049999744|1
65|1.5|1.0|0.6666667|0.6666667|1.0|59|0.06666641|1
66|1.5|1.0|0.6666667|0.6666667|1.0|59|0.083333075|1
67|1.5|1.0|0.6666667|0.6666667|1.0|59|0.09999974|1
68|1.5|1.0|0.6666667|0.6666667|1.0|59|0.11666641|1
69|1.5|1.0|0.6666667|0.6666667|1.0|59|0.13333307|1
70|1.5|1.0|0.6666667|0.6666667|1.0|59|0.14999974|1
71|1.5|1.0|0.6666667|0.6666667|1.0|59|0.1666664|1
72|1.5|1.0|0.6666667|0.6666667|1.0|59|0.18333307|1
73|1.5|1.0|0.6666667|0.6666667|1.0|59|0.19999973|1
74|1.5|1.0|0.6666667|0.6666667|1.0|59|0.2166664|1
75|1.5|1.0|0.6666667|0.6666667|1.0|59|0.23333307|1
76|1.5|1.0|0.6666667|0.6666667|1.0|59|0.24999973|1
77|1.5|1.0|0.6666667|0.6666667|1.0|59|0.2666664|1
78|1.5|1.0|0.6666667|0.6666667|1.0|59|0.2833331|1
79|1.5|1.0|0.6666667|0.6666667|1.0|59|0.29999977|1
80|1.5|1.0|0.6666667|0.6666667|1.0|59|0.31666645|1
81|1.5|1.0|0.6666667|0.6666667|1.0|59|0.33333313|1
82|1.5|1.0|0.6666667|0.6666667|1.0|59|0.34999982|1
83|1.5|1.0|0.6666667|0.6666667|1.0|59|0.3666665|1
84|1.5|1.0|0.6666667|0.6666667|1.0|59|0.38333318|1
85|1.5|1.0|0.6666667|0.6666667|1.0|59|0.39999986|1
86|1.5|1.0|0.6666667|0.6666667|1.0|59|0.41666654|1
87|1.5|1.0|0.6666667|0.6666667|1.0|59|0.43333322|1
88|1.5|1.0|0.6666667|0.6666667|1.0|59|0.4499999|1
89|1.5|1.0|0.6666667|0.6666667|1.0|59|0.46666658|1
90|1.5|1.0|0.6666667|0.6666667|1.0|59|0.48333326|1
91|1.5|1.0|0.6666667|0.6666667|1.0|59|0.49999994|1
92|1.5|1.0|0.6666667|0.6666667|1.0|59|0.5166666|1
93|1.5|1.0|0.6666667|0.6666667|1.0|59|0.53333324|1
94|1.5|1.0|0.6666667|0.6666667|1.0|59|0.5499999|1
95|1.5|1.0|0.6666667|0.6666667|1.0|59|0.56666654|1
96|1.5|1.0|0.6666667|0.6666667|1.0|59|0.5833332|1
97|1.5|1.0|0.6666667|0.6666667|1.0|59|0.59999985|1
98|1.5|1.0|0.6666667|0.6666667|1.0|59|0.6166665|1
99|1.5|1.0|0.6666667|0.6666667|1.0|59|0.63333315|1
100|1.5|1.0|0.6666667|0.6666667|1.0|59|0.6499998|1
101|1.5|1.0|0.6666667|0.6666667|1.0|59|0.66666645|1
102|1.5|1.0|0.6666667|0.6666667|1.0|59|0.6833331|1
103|1.5|1.0|0.6666667|0.6666667|1.0|59|0.69999975|1
104|1.5|1.0|0.6666667|0.6666667|1.0|59|0.7166664|1
105|1.5|1.0|0.6666667|0.6666667|1.0|59|0.73333305|1
106|1.5|1.0|0.6666667|0.6666667|1.0|59|0.7499997|1
107|1.5|1.0|0.6666667|0.6666667|1.0|59|0.76666635|1
108|1.5|1.0|0.6666667|0.6666667|1.0|59|0.783333|1
109|1.5|1.0|0.6666667|0.6666667|1.0|59|0.79999965|1
110|1.5|1.0|0.6666667|0.6666667|1.0|59|0.8166663|1
111|1.5|1.0|0.6666667|0.6666667|1.0|59|0.83333296|1
112|1.5|1.0|0.6666667|0.6666667|1.0|59|0.8499996|1
113|1.5|1.0|0.6666667|0.6666667|1.0|59|0.86666626|1
114|1.5|1.0|0.6666667|0.6666667|1.0|59|0.8833329|1
115|1.5|1.0|0.6666667|0.6666667|1.0|59|0.89999956|1
116|1.5|1.0|0.6666667|0.6666667|1.0|59|0.9166662|1
117|1.5|1.0|0.6666667|0.6666667|1.0|59|0.93333286|1
118|1.5|1.0|0.6666667|0.6666667|1.0|59|0.9499995|1
119|1.5|1.0|0.6666667|0.6666667|1.0|59|0.96666616|1
120|1.5|1.0|0.6666667|0.6666667|1.0|59|0.9833328|1
# [3] @ tick 120: smelter(7,5) silicon=1 coal=9 sand=8; coverage also applied to (7,7) -> status=0.6666667 and (7,9) -> status=0.6666667; silicon(7,7)=1 silicon(7,9)=1 -> 0.6666667 efficiency stretches crafting to 60 ticks per silicon
