# java golden · turret fire (duo -> dagger)
# world: 32x32 all-air, seed=1, Time.delta=1, waves=false, canGameOver=false
# turret: duo @ (16,16) rot=0 team=sharded, ammo=copper, range=160, reload=20
# target: dagger @ (21,16) team=crux, startHealth=150.0
# note: bulletCount/firstBullet are raw Groups.bullet (includes the dagger's own bullets too)
# columns: tick|bulletCount|firstBulletX|firstBulletY|enemyHealth
0|0|-1.0|-1.0|150.0
1|0|-1.0|-1.0|150.0
2|0|-1.0|-1.0|150.0
3|0|-1.0|-1.0|150.0
4|0|-1.0|-1.0|150.0
5|0|-1.0|-1.0|150.0
6|0|-1.0|-1.0|150.0
7|0|-1.0|-1.0|150.0
8|0|-1.0|-1.0|150.0
9|0|-1.0|-1.0|150.0
10|0|-1.0|-1.0|150.0
11|0|-1.0|-1.0|150.0
12|0|-1.0|-1.0|150.0
13|0|-1.0|-1.0|150.0
14|0|-1.0|-1.0|150.0
15|0|-1.0|-1.0|150.0
16|0|-1.0|-1.0|150.0
17|0|-1.0|-1.0|150.0
18|0|-1.0|-1.0|150.0
19|0|-1.0|-1.0|150.0
20|0|-1.0|-1.0|150.0
21|0|-1.0|-1.0|150.0
22|0|-1.0|-1.0|150.0
23|0|-1.0|-1.0|150.0
24|0|-1.0|-1.0|150.0
25|0|-1.0|-1.0|150.0
26|1|130.21986|130.67053|150.0
27|1|132.5831|131.48607|150.0
28|1|134.94633|132.3016|150.0
29|1|137.30957|133.11714|150.0
30|1|139.6728|133.93268|150.0
31|1|142.03604|134.74821|150.0
32|1|144.39928|135.56375|150.0
33|1|146.76251|136.37929|150.0
34|2|149.12575|137.19482|150.0
35|2|151.48898|138.01036|150.0
36|2|153.85222|138.8259|150.0
37|2|156.21545|139.64143|150.0
38|2|158.57869|140.45697|150.0
39|2|160.94193|141.2725|150.0
40|2|163.30516|142.08804|150.0
41|2|165.6684|142.90358|150.0
42|2|168.03163|143.71912|150.0
43|2|170.39487|144.53465|150.0
44|2|172.7581|145.35019|150.0
45|2|175.12134|146.16573|150.0
46|3|177.48457|146.98126|150.0
47|4|179.84781|147.7968|150.0
48|4|182.21104|148.61234|150.0
49|3|184.57428|149.42787|150.0
50|3|186.93752|150.24341|150.0
51|3|189.30075|151.05894|150.0
52|3|191.66399|151.87448|150.0
53|3|194.02722|152.69002|150.0
54|3|196.39046|153.50555|150.0
55|3|198.7537|154.32109|150.0
56|3|201.11693|155.13663|150.0
57|3|203.48016|155.95216|150.0
58|3|205.8434|156.7677|150.0
59|3|208.20663|157.58324|150.0
60|2|210.56987|158.39877|141.0
61|3|212.9331|159.21431|141.0
62|2|215.29634|160.02985|141.0
63|2|217.65958|160.84538|141.0
64|2|220.02281|161.66092|141.0
65|2|222.38605|162.47646|141.0
66|3|224.74928|163.29199|141.0
67|3|227.11252|164.10753|141.0
68|3|229.47575|164.92307|141.0
69|3|231.83899|165.7386|141.0
70|3|234.20222|166.55414|141.0
71|3|236.56546|167.36967|141.0
72|3|238.9287|168.18521|141.0
73|3|241.29193|169.00075|141.0
74|4|243.65517|169.81628|141.0
75|4|246.0184|170.63182|141.0
76|3|248.38164|171.44736|141.0
77|3|250.74487|172.2629|141.0
78|3|253.10811|173.07843|141.0
79|3|255.47134|173.89397|141.0
80|3|257.8346|174.7095|141.0
81|2|260.19785|175.52504|132.0
82|2|262.5611|176.34058|132.0
83|2|264.92435|177.15611|132.0
84|2|267.2876|177.97165|132.0
85|2|269.65085|178.78719|132.0
86|3|272.0141|179.60272|132.0
87|3|274.37735|180.41826|132.0
88|4|276.7406|181.2338|132.0
89|3|279.10385|182.04933|132.0
90|3|281.4671|182.86487|132.0
91|3|283.83035|183.6804|132.0
92|3|286.1936|184.49594|132.0
93|3|288.55685|185.31148|132.0
94|3|290.9201|186.12701|132.0
95|2|153.47743|129.27895|132.0
96|2|155.9587|129.5845|132.0
97|2|158.43996|129.89006|132.0
98|2|160.92122|130.19562|132.0
99|2|163.40248|130.50117|132.0
100|2|165.88374|130.80673|132.0
101|2|167.38284|127.563576|123.0
102|2|164.883|127.5909|123.0
103|1|162.38315|127.61822|123.0
104|1|159.8833|127.64554|123.0
105|1|157.38345|127.67286|123.0
106|2|154.8836|127.70018|123.0
107|2|152.38376|127.7275|123.0
108|2|149.88391|127.75482|123.0
109|2|147.38406|127.78214|123.0
110|2|144.88422|127.80946|123.0
111|2|142.38437|127.836784|123.0
112|2|139.88452|127.864105|123.0
113|2|137.38467|127.891426|123.0
114|2|134.88483|127.91875|123.0
115|3|132.38498|127.94607|123.0
116|2|164.20436|135.05286|123.0
117|2|161.75046|134.57501|123.0
118|2|159.29655|134.09717|123.0
119|2|156.84265|133.61932|123.0
120|2|154.38875|133.14148|123.0
