# java golden · mechanical drill (copper)
# world: 24x24 all-air, seed=1, Time.delta=1, waves=false, canGameOver=false
# drill: mechanical-drill @ (5,5) size=2 tier=2 drillTime=600 team=sharded, footprint (5,5)-(6,6)
# ore: oreCopper overlay over the whole 2x2 footprint -> countOre: dominantItem=copper, dominantItems=4
# delay: real drill time = (drillTime + hardnessDrillMultiplier*hardness) / drillMultiplier = (600 + 50*1) / 1 = 650
# columns: tick|dominantItem|dominantItems|progress|warmup|lastDrillSpeed|itemsTotal|c1len|c1ys0|c2len
#   c1 = conveyor(7,5)r0, c2 = conveyor(8,5)r0; c1ys0 = position 0..1 of c1's item, "null" when c1 is empty
# [A] no outlet: nothing accepts items -> itemsTotal grows monotonically (Block.itemCapacity=10)
0|copper|4|0.0|0.0|0.0|0|0|null|0
1|copper|4|0.06|0.015|0.0|0|0|null|0
2|copper|4|0.17999999|0.03|9.230769E-5|0|0|null|0
3|copper|4|0.35999998|0.044999998|1.8461538E-4|0|0|null|0
4|copper|4|0.59999996|0.06|2.7692306E-4|0|0|null|0
5|copper|4|0.9|0.074999996|3.6923075E-4|0|0|null|0
6|copper|4|1.26|0.089999996|4.6153844E-4|0|0|null|0
7|copper|4|1.68|0.105|5.538461E-4|0|0|null|0
8|copper|4|2.1599998|0.12|6.461538E-4|0|0|null|0
9|copper|4|2.6999998|0.13499999|7.384615E-4|0|0|null|0
10|copper|4|3.2999997|0.14999999|8.307692E-4|0|0|null|0
11|copper|4|3.9599996|0.16499999|9.230769E-4|0|0|null|0
12|copper|4|4.6799994|0.17999999|0.0010153846|0|0|null|0
13|copper|4|5.459999|0.195|0.0011076923|0|0|null|0
14|copper|4|6.299999|0.21|0.0011999999|0|0|null|0
15|copper|4|7.1999993|0.225|0.0012923076|0|0|null|0
16|copper|4|8.159999|0.24|0.0013846153|0|0|null|0
17|copper|4|9.179998|0.255|0.001476923|0|0|null|0
18|copper|4|10.259998|0.26999998|0.0015692307|0|0|null|0
19|copper|4|11.399998|0.28499997|0.0016615384|0|0|null|0
20|copper|4|12.5999975|0.29999995|0.001753846|0|0|null|0
21|copper|4|13.859997|0.31499994|0.0018461535|0|0|null|0
22|copper|4|15.1799965|0.32999992|0.0019384612|0|0|null|0
23|copper|4|16.559996|0.3449999|0.0020307687|0|0|null|0
24|copper|4|17.999996|0.3599999|0.0021230765|0|0|null|0
25|copper|4|19.499996|0.37499988|0.002215384|0|0|null|0
26|copper|4|21.059996|0.38999987|0.0023076916|0|0|null|0
27|copper|4|22.679995|0.40499985|0.0023999992|0|0|null|0
28|copper|4|24.359993|0.41999984|0.0024923068|0|0|null|0
29|copper|4|26.099993|0.43499982|0.0025846143|0|0|null|0
30|copper|4|27.899992|0.4499998|0.002676922|0|0|null|0
31|copper|4|29.75999|0.4649998|0.0027692297|0|0|null|0
32|copper|4|31.679989|0.47999978|0.0028615373|0|0|null|0
33|copper|4|33.65999|0.49499977|0.0029538448|0|0|null|0
34|copper|4|35.69999|0.50999975|0.0030461524|0|0|null|0
35|copper|4|37.799988|0.52499974|0.00313846|0|0|null|0
36|copper|4|39.959988|0.5399997|0.0032307676|0|0|null|0
37|copper|4|42.179985|0.5549997|0.0033230751|0|0|null|0
38|copper|4|44.459984|0.5699997|0.003415383|0|0|null|0
39|copper|4|46.799984|0.5849997|0.0035076905|0|0|null|0
40|copper|4|49.19998|0.59999967|0.003599998|0|0|null|0
41|copper|4|51.65998|0.61499965|0.0036923056|0|0|null|0
42|copper|4|54.179977|0.62999964|0.0037846132|0|0|null|0
43|copper|4|56.759975|0.6449996|0.0038769208|0|0|null|0
44|copper|4|59.399975|0.6599996|0.0039692284|0|0|null|0
45|copper|4|62.09997|0.6749996|0.004061536|0|0|null|0
46|copper|4|64.85997|0.6899996|0.0041538435|0|0|null|0
47|copper|4|67.67997|0.70499957|0.004246151|0|0|null|0
48|copper|4|70.55997|0.71999955|0.0043384586|0|0|null|0
49|copper|4|73.49996|0.73499954|0.0044307667|0|0|null|0
50|copper|4|76.49996|0.7499995|0.0045230743|0|0|null|0
51|copper|4|79.55996|0.7649995|0.004615382|0|0|null|0
52|copper|4|82.679955|0.7799995|0.0047076894|0|0|null|0
53|copper|4|85.859955|0.7949995|0.004799997|0|0|null|0
54|copper|4|89.09995|0.80999947|0.0048923045|0|0|null|0
55|copper|4|92.39995|0.82499945|0.004984612|0|0|null|0
56|copper|4|95.75995|0.83999944|0.0050769197|0|0|null|0
57|copper|4|99.17995|0.8549994|0.0051692273|0|0|null|0
58|copper|4|102.65994|0.8699994|0.005261535|0|0|null|0
59|copper|4|106.19994|0.8849994|0.0053538424|0|0|null|0
60|copper|4|109.79994|0.8999994|0.00544615|0|0|null|0
61|copper|4|113.45994|0.91499937|0.0055384575|0|0|null|0
62|copper|4|117.17993|0.92999935|0.005630765|0|0|null|0
63|copper|4|120.95993|0.94499934|0.005723073|0|0|null|0
64|copper|4|124.79993|0.9599993|0.0058153807|0|0|null|0
65|copper|4|128.69992|0.9749993|0.0059076883|0|0|null|0
66|copper|4|132.65991|0.9899993|0.005999996|0|0|null|0
67|copper|4|136.65991|1.0|0.0060923034|0|0|null|0
68|copper|4|140.65991|1.0|0.006153846|0|0|null|0
69|copper|4|144.65991|1.0|0.006153846|0|0|null|0
70|copper|4|148.65991|1.0|0.006153846|0|0|null|0
71|copper|4|152.65991|1.0|0.006153846|0|0|null|0
72|copper|4|156.65991|1.0|0.006153846|0|0|null|0
73|copper|4|160.65991|1.0|0.006153846|0|0|null|0
74|copper|4|164.65991|1.0|0.006153846|0|0|null|0
75|copper|4|168.65991|1.0|0.006153846|0|0|null|0
76|copper|4|172.65991|1.0|0.006153846|0|0|null|0
77|copper|4|176.65991|1.0|0.006153846|0|0|null|0
78|copper|4|180.65991|1.0|0.006153846|0|0|null|0
79|copper|4|184.65991|1.0|0.006153846|0|0|null|0
80|copper|4|188.65991|1.0|0.006153846|0|0|null|0
81|copper|4|192.65991|1.0|0.006153846|0|0|null|0
82|copper|4|196.65991|1.0|0.006153846|0|0|null|0
83|copper|4|200.65991|1.0|0.006153846|0|0|null|0
84|copper|4|204.65991|1.0|0.006153846|0|0|null|0
85|copper|4|208.65991|1.0|0.006153846|0|0|null|0
86|copper|4|212.65991|1.0|0.006153846|0|0|null|0
87|copper|4|216.65991|1.0|0.006153846|0|0|null|0
88|copper|4|220.65991|1.0|0.006153846|0|0|null|0
89|copper|4|224.65991|1.0|0.006153846|0|0|null|0
90|copper|4|228.65991|1.0|0.006153846|0|0|null|0
91|copper|4|232.65991|1.0|0.006153846|0|0|null|0
92|copper|4|236.65991|1.0|0.006153846|0|0|null|0
93|copper|4|240.65991|1.0|0.006153846|0|0|null|0
94|copper|4|244.65991|1.0|0.006153846|0|0|null|0
95|copper|4|248.65991|1.0|0.006153846|0|0|null|0
96|copper|4|252.65991|1.0|0.006153846|0|0|null|0
97|copper|4|256.6599|1.0|0.006153846|0|0|null|0
98|copper|4|260.6599|1.0|0.006153846|0|0|null|0
99|copper|4|264.6599|1.0|0.006153846|0|0|null|0
100|copper|4|268.6599|1.0|0.006153846|0|0|null|0
101|copper|4|272.6599|1.0|0.006153846|0|0|null|0
102|copper|4|276.6599|1.0|0.006153846|0|0|null|0
103|copper|4|280.6599|1.0|0.006153846|0|0|null|0
104|copper|4|284.6599|1.0|0.006153846|0|0|null|0
105|copper|4|288.6599|1.0|0.006153846|0|0|null|0
106|copper|4|292.6599|1.0|0.006153846|0|0|null|0
107|copper|4|296.6599|1.0|0.006153846|0|0|null|0
108|copper|4|300.6599|1.0|0.006153846|0|0|null|0
109|copper|4|304.6599|1.0|0.006153846|0|0|null|0
110|copper|4|308.6599|1.0|0.006153846|0|0|null|0
111|copper|4|312.6599|1.0|0.006153846|0|0|null|0
112|copper|4|316.6599|1.0|0.006153846|0|0|null|0
113|copper|4|320.6599|1.0|0.006153846|0|0|null|0
114|copper|4|324.6599|1.0|0.006153846|0|0|null|0
115|copper|4|328.6599|1.0|0.006153846|0|0|null|0
116|copper|4|332.6599|1.0|0.006153846|0|0|null|0
117|copper|4|336.6599|1.0|0.006153846|0|0|null|0
118|copper|4|340.6599|1.0|0.006153846|0|0|null|0
119|copper|4|344.6599|1.0|0.006153846|0|0|null|0
120|copper|4|348.6599|1.0|0.006153846|0|0|null|0
121|copper|4|352.6599|1.0|0.006153846|0|0|null|0
122|copper|4|356.6599|1.0|0.006153846|0|0|null|0
123|copper|4|360.6599|1.0|0.006153846|0|0|null|0
124|copper|4|364.6599|1.0|0.006153846|0|0|null|0
125|copper|4|368.6599|1.0|0.006153846|0|0|null|0
126|copper|4|372.6599|1.0|0.006153846|0|0|null|0
127|copper|4|376.6599|1.0|0.006153846|0|0|null|0
128|copper|4|380.6599|1.0|0.006153846|0|0|null|0
129|copper|4|384.6599|1.0|0.006153846|0|0|null|0
130|copper|4|388.6599|1.0|0.006153846|0|0|null|0
131|copper|4|392.6599|1.0|0.006153846|0|0|null|0
132|copper|4|396.6599|1.0|0.006153846|0|0|null|0
133|copper|4|400.6599|1.0|0.006153846|0|0|null|0
134|copper|4|404.6599|1.0|0.006153846|0|0|null|0
135|copper|4|408.6599|1.0|0.006153846|0|0|null|0
136|copper|4|412.6599|1.0|0.006153846|0|0|null|0
137|copper|4|416.6599|1.0|0.006153846|0|0|null|0
138|copper|4|420.6599|1.0|0.006153846|0|0|null|0
139|copper|4|424.6599|1.0|0.006153846|0|0|null|0
140|copper|4|428.6599|1.0|0.006153846|0|0|null|0
141|copper|4|432.6599|1.0|0.006153846|0|0|null|0
142|copper|4|436.6599|1.0|0.006153846|0|0|null|0
143|copper|4|440.6599|1.0|0.006153846|0|0|null|0
144|copper|4|444.6599|1.0|0.006153846|0|0|null|0
145|copper|4|448.6599|1.0|0.006153846|0|0|null|0
146|copper|4|452.6599|1.0|0.006153846|0|0|null|0
147|copper|4|456.6599|1.0|0.006153846|0|0|null|0
148|copper|4|460.6599|1.0|0.006153846|0|0|null|0
149|copper|4|464.6599|1.0|0.006153846|0|0|null|0
150|copper|4|468.6599|1.0|0.006153846|0|0|null|0
151|copper|4|472.6599|1.0|0.006153846|0|0|null|0
152|copper|4|476.6599|1.0|0.006153846|0|0|null|0
153|copper|4|480.6599|1.0|0.006153846|0|0|null|0
154|copper|4|484.6599|1.0|0.006153846|0|0|null|0
155|copper|4|488.6599|1.0|0.006153846|0|0|null|0
156|copper|4|492.6599|1.0|0.006153846|0|0|null|0
157|copper|4|496.6599|1.0|0.006153846|0|0|null|0
158|copper|4|500.6599|1.0|0.006153846|0|0|null|0
159|copper|4|504.6599|1.0|0.006153846|0|0|null|0
160|copper|4|508.6599|1.0|0.006153846|0|0|null|0
161|copper|4|512.6599|1.0|0.006153846|0|0|null|0
162|copper|4|516.6599|1.0|0.006153846|0|0|null|0
163|copper|4|520.6599|1.0|0.006153846|0|0|null|0
164|copper|4|524.6599|1.0|0.006153846|0|0|null|0
165|copper|4|528.6599|1.0|0.006153846|0|0|null|0
166|copper|4|532.6599|1.0|0.006153846|0|0|null|0
167|copper|4|536.6599|1.0|0.006153846|0|0|null|0
168|copper|4|540.6599|1.0|0.006153846|0|0|null|0
169|copper|4|544.6599|1.0|0.006153846|0|0|null|0
170|copper|4|548.6599|1.0|0.006153846|0|0|null|0
171|copper|4|552.6599|1.0|0.006153846|0|0|null|0
172|copper|4|556.6599|1.0|0.006153846|0|0|null|0
173|copper|4|560.6599|1.0|0.006153846|0|0|null|0
174|copper|4|564.6599|1.0|0.006153846|0|0|null|0
175|copper|4|568.6599|1.0|0.006153846|0|0|null|0
176|copper|4|572.6599|1.0|0.006153846|0|0|null|0
177|copper|4|576.6599|1.0|0.006153846|0|0|null|0
178|copper|4|580.6599|1.0|0.006153846|0|0|null|0
179|copper|4|584.6599|1.0|0.006153846|0|0|null|0
180|copper|4|588.6599|1.0|0.006153846|0|0|null|0
181|copper|4|592.6599|1.0|0.006153846|0|0|null|0
182|copper|4|596.6599|1.0|0.006153846|0|0|null|0
183|copper|4|600.6599|1.0|0.006153846|0|0|null|0
184|copper|4|604.6599|1.0|0.006153846|0|0|null|0
185|copper|4|608.6599|1.0|0.006153846|0|0|null|0
186|copper|4|612.6599|1.0|0.006153846|0|0|null|0
187|copper|4|616.6599|1.0|0.006153846|0|0|null|0
188|copper|4|620.6599|1.0|0.006153846|0|0|null|0
189|copper|4|624.6599|1.0|0.006153846|0|0|null|0
190|copper|4|628.6599|1.0|0.006153846|0|0|null|0
191|copper|4|632.6599|1.0|0.006153846|0|0|null|0
192|copper|4|636.6599|1.0|0.006153846|0|0|null|0
193|copper|4|640.6599|1.0|0.006153846|0|0|null|0
194|copper|4|644.6599|1.0|0.006153846|0|0|null|0
195|copper|4|648.6599|1.0|0.006153846|0|0|null|0
196|copper|4|2.659912|1.0|0.006153846|1|0|null|0
197|copper|4|6.659912|1.0|0.006153846|1|0|null|0
198|copper|4|10.659912|1.0|0.006153846|1|0|null|0
199|copper|4|14.659912|1.0|0.006153846|1|0|null|0
200|copper|4|18.659912|1.0|0.006153846|1|0|null|0
201|copper|4|22.659912|1.0|0.006153846|1|0|null|0
202|copper|4|26.659912|1.0|0.006153846|1|0|null|0
203|copper|4|30.659912|1.0|0.006153846|1|0|null|0
204|copper|4|34.659912|1.0|0.006153846|1|0|null|0
205|copper|4|38.659912|1.0|0.006153846|1|0|null|0
206|copper|4|42.659912|1.0|0.006153846|1|0|null|0
207|copper|4|46.659912|1.0|0.006153846|1|0|null|0
208|copper|4|50.659912|1.0|0.006153846|1|0|null|0
209|copper|4|54.659912|1.0|0.006153846|1|0|null|0
210|copper|4|58.659912|1.0|0.006153846|1|0|null|0
211|copper|4|62.659912|1.0|0.006153846|1|0|null|0
212|copper|4|66.65991|1.0|0.006153846|1|0|null|0
213|copper|4|70.65991|1.0|0.006153846|1|0|null|0
214|copper|4|74.65991|1.0|0.006153846|1|0|null|0
215|copper|4|78.65991|1.0|0.006153846|1|0|null|0
216|copper|4|82.65991|1.0|0.006153846|1|0|null|0
217|copper|4|86.65991|1.0|0.006153846|1|0|null|0
218|copper|4|90.65991|1.0|0.006153846|1|0|null|0
219|copper|4|94.65991|1.0|0.006153846|1|0|null|0
220|copper|4|98.65991|1.0|0.006153846|1|0|null|0
221|copper|4|102.65991|1.0|0.006153846|1|0|null|0
222|copper|4|106.65991|1.0|0.006153846|1|0|null|0
223|copper|4|110.65991|1.0|0.006153846|1|0|null|0
224|copper|4|114.65991|1.0|0.006153846|1|0|null|0
225|copper|4|118.65991|1.0|0.006153846|1|0|null|0
226|copper|4|122.65991|1.0|0.006153846|1|0|null|0
227|copper|4|126.65991|1.0|0.006153846|1|0|null|0
228|copper|4|130.65991|1.0|0.006153846|1|0|null|0
229|copper|4|134.65991|1.0|0.006153846|1|0|null|0
230|copper|4|138.65991|1.0|0.006153846|1|0|null|0
231|copper|4|142.65991|1.0|0.006153846|1|0|null|0
232|copper|4|146.65991|1.0|0.006153846|1|0|null|0
233|copper|4|150.65991|1.0|0.006153846|1|0|null|0
234|copper|4|154.65991|1.0|0.006153846|1|0|null|0
235|copper|4|158.65991|1.0|0.006153846|1|0|null|0
236|copper|4|162.65991|1.0|0.006153846|1|0|null|0
237|copper|4|166.65991|1.0|0.006153846|1|0|null|0
238|copper|4|170.65991|1.0|0.006153846|1|0|null|0
239|copper|4|174.65991|1.0|0.006153846|1|0|null|0
240|copper|4|178.65991|1.0|0.006153846|1|0|null|0
241|copper|4|182.65991|1.0|0.006153846|1|0|null|0
242|copper|4|186.65991|1.0|0.006153846|1|0|null|0
243|copper|4|190.65991|1.0|0.006153846|1|0|null|0
244|copper|4|194.65991|1.0|0.006153846|1|0|null|0
245|copper|4|198.65991|1.0|0.006153846|1|0|null|0
246|copper|4|202.65991|1.0|0.006153846|1|0|null|0
247|copper|4|206.65991|1.0|0.006153846|1|0|null|0
248|copper|4|210.65991|1.0|0.006153846|1|0|null|0
249|copper|4|214.65991|1.0|0.006153846|1|0|null|0
250|copper|4|218.65991|1.0|0.006153846|1|0|null|0
251|copper|4|222.65991|1.0|0.006153846|1|0|null|0
252|copper|4|226.65991|1.0|0.006153846|1|0|null|0
253|copper|4|230.65991|1.0|0.006153846|1|0|null|0
254|copper|4|234.65991|1.0|0.006153846|1|0|null|0
255|copper|4|238.65991|1.0|0.006153846|1|0|null|0
256|copper|4|242.65991|1.0|0.006153846|1|0|null|0
257|copper|4|246.65991|1.0|0.006153846|1|0|null|0
258|copper|4|250.65991|1.0|0.006153846|1|0|null|0
259|copper|4|254.65991|1.0|0.006153846|1|0|null|0
260|copper|4|258.6599|1.0|0.006153846|1|0|null|0
261|copper|4|262.6599|1.0|0.006153846|1|0|null|0
262|copper|4|266.6599|1.0|0.006153846|1|0|null|0
263|copper|4|270.6599|1.0|0.006153846|1|0|null|0
264|copper|4|274.6599|1.0|0.006153846|1|0|null|0
265|copper|4|278.6599|1.0|0.006153846|1|0|null|0
266|copper|4|282.6599|1.0|0.006153846|1|0|null|0
267|copper|4|286.6599|1.0|0.006153846|1|0|null|0
268|copper|4|290.6599|1.0|0.006153846|1|0|null|0
269|copper|4|294.6599|1.0|0.006153846|1|0|null|0
270|copper|4|298.6599|1.0|0.006153846|1|0|null|0
271|copper|4|302.6599|1.0|0.006153846|1|0|null|0
272|copper|4|306.6599|1.0|0.006153846|1|0|null|0
273|copper|4|310.6599|1.0|0.006153846|1|0|null|0
274|copper|4|314.6599|1.0|0.006153846|1|0|null|0
275|copper|4|318.6599|1.0|0.006153846|1|0|null|0
276|copper|4|322.6599|1.0|0.006153846|1|0|null|0
277|copper|4|326.6599|1.0|0.006153846|1|0|null|0
278|copper|4|330.6599|1.0|0.006153846|1|0|null|0
279|copper|4|334.6599|1.0|0.006153846|1|0|null|0
280|copper|4|338.6599|1.0|0.006153846|1|0|null|0
281|copper|4|342.6599|1.0|0.006153846|1|0|null|0
282|copper|4|346.6599|1.0|0.006153846|1|0|null|0
283|copper|4|350.6599|1.0|0.006153846|1|0|null|0
284|copper|4|354.6599|1.0|0.006153846|1|0|null|0
285|copper|4|358.6599|1.0|0.006153846|1|0|null|0
286|copper|4|362.6599|1.0|0.006153846|1|0|null|0
287|copper|4|366.6599|1.0|0.006153846|1|0|null|0
288|copper|4|370.6599|1.0|0.006153846|1|0|null|0
289|copper|4|374.6599|1.0|0.006153846|1|0|null|0
290|copper|4|378.6599|1.0|0.006153846|1|0|null|0
291|copper|4|382.6599|1.0|0.006153846|1|0|null|0
292|copper|4|386.6599|1.0|0.006153846|1|0|null|0
293|copper|4|390.6599|1.0|0.006153846|1|0|null|0
294|copper|4|394.6599|1.0|0.006153846|1|0|null|0
295|copper|4|398.6599|1.0|0.006153846|1|0|null|0
296|copper|4|402.6599|1.0|0.006153846|1|0|null|0
297|copper|4|406.6599|1.0|0.006153846|1|0|null|0
298|copper|4|410.6599|1.0|0.006153846|1|0|null|0
299|copper|4|414.6599|1.0|0.006153846|1|0|null|0
300|copper|4|418.6599|1.0|0.006153846|1|0|null|0
301|copper|4|422.6599|1.0|0.006153846|1|0|null|0
302|copper|4|426.6599|1.0|0.006153846|1|0|null|0
303|copper|4|430.6599|1.0|0.006153846|1|0|null|0
304|copper|4|434.6599|1.0|0.006153846|1|0|null|0
305|copper|4|438.6599|1.0|0.006153846|1|0|null|0
306|copper|4|442.6599|1.0|0.006153846|1|0|null|0
307|copper|4|446.6599|1.0|0.006153846|1|0|null|0
308|copper|4|450.6599|1.0|0.006153846|1|0|null|0
309|copper|4|454.6599|1.0|0.006153846|1|0|null|0
310|copper|4|458.6599|1.0|0.006153846|1|0|null|0
311|copper|4|462.6599|1.0|0.006153846|1|0|null|0
312|copper|4|466.6599|1.0|0.006153846|1|0|null|0
313|copper|4|470.6599|1.0|0.006153846|1|0|null|0
314|copper|4|474.6599|1.0|0.006153846|1|0|null|0
315|copper|4|478.6599|1.0|0.006153846|1|0|null|0
316|copper|4|482.6599|1.0|0.006153846|1|0|null|0
317|copper|4|486.6599|1.0|0.006153846|1|0|null|0
318|copper|4|490.6599|1.0|0.006153846|1|0|null|0
319|copper|4|494.6599|1.0|0.006153846|1|0|null|0
320|copper|4|498.6599|1.0|0.006153846|1|0|null|0
321|copper|4|502.6599|1.0|0.006153846|1|0|null|0
322|copper|4|506.6599|1.0|0.006153846|1|0|null|0
323|copper|4|510.6599|1.0|0.006153846|1|0|null|0
324|copper|4|514.6599|1.0|0.006153846|1|0|null|0
325|copper|4|518.6599|1.0|0.006153846|1|0|null|0
326|copper|4|522.6599|1.0|0.006153846|1|0|null|0
327|copper|4|526.6599|1.0|0.006153846|1|0|null|0
328|copper|4|530.6599|1.0|0.006153846|1|0|null|0
329|copper|4|534.6599|1.0|0.006153846|1|0|null|0
330|copper|4|538.6599|1.0|0.006153846|1|0|null|0
331|copper|4|542.6599|1.0|0.006153846|1|0|null|0
332|copper|4|546.6599|1.0|0.006153846|1|0|null|0
333|copper|4|550.6599|1.0|0.006153846|1|0|null|0
334|copper|4|554.6599|1.0|0.006153846|1|0|null|0
335|copper|4|558.6599|1.0|0.006153846|1|0|null|0
336|copper|4|562.6599|1.0|0.006153846|1|0|null|0
337|copper|4|566.6599|1.0|0.006153846|1|0|null|0
338|copper|4|570.6599|1.0|0.006153846|1|0|null|0
339|copper|4|574.6599|1.0|0.006153846|1|0|null|0
340|copper|4|578.6599|1.0|0.006153846|1|0|null|0
341|copper|4|582.6599|1.0|0.006153846|1|0|null|0
342|copper|4|586.6599|1.0|0.006153846|1|0|null|0
343|copper|4|590.6599|1.0|0.006153846|1|0|null|0
344|copper|4|594.6599|1.0|0.006153846|1|0|null|0
345|copper|4|598.6599|1.0|0.006153846|1|0|null|0
346|copper|4|602.6599|1.0|0.006153846|1|0|null|0
347|copper|4|606.6599|1.0|0.006153846|1|0|null|0
348|copper|4|610.6599|1.0|0.006153846|1|0|null|0
349|copper|4|614.6599|1.0|0.006153846|1|0|null|0
350|copper|4|618.6599|1.0|0.006153846|1|0|null|0
351|copper|4|622.6599|1.0|0.006153846|1|0|null|0
352|copper|4|626.6599|1.0|0.006153846|1|0|null|0
353|copper|4|630.6599|1.0|0.006153846|1|0|null|0
354|copper|4|634.6599|1.0|0.006153846|1|0|null|0
355|copper|4|638.6599|1.0|0.006153846|1|0|null|0
356|copper|4|642.6599|1.0|0.006153846|1|0|null|0
357|copper|4|646.6599|1.0|0.006153846|1|0|null|0
358|copper|4|0.6599121|1.0|0.006153846|2|0|null|0
359|copper|4|4.659912|1.0|0.006153846|2|0|null|0
360|copper|4|8.659912|1.0|0.006153846|2|0|null|0
361|copper|4|12.659912|1.0|0.006153846|2|0|null|0
362|copper|4|16.659912|1.0|0.006153846|2|0|null|0
363|copper|4|20.659912|1.0|0.006153846|2|0|null|0
364|copper|4|24.659912|1.0|0.006153846|2|0|null|0
365|copper|4|28.659912|1.0|0.006153846|2|0|null|0
366|copper|4|32.659912|1.0|0.006153846|2|0|null|0
367|copper|4|36.659912|1.0|0.006153846|2|0|null|0
368|copper|4|40.659912|1.0|0.006153846|2|0|null|0
369|copper|4|44.659912|1.0|0.006153846|2|0|null|0
370|copper|4|48.659912|1.0|0.006153846|2|0|null|0
371|copper|4|52.659912|1.0|0.006153846|2|0|null|0
372|copper|4|56.659912|1.0|0.006153846|2|0|null|0
373|copper|4|60.659912|1.0|0.006153846|2|0|null|0
374|copper|4|64.65991|1.0|0.006153846|2|0|null|0
375|copper|4|68.65991|1.0|0.006153846|2|0|null|0
376|copper|4|72.65991|1.0|0.006153846|2|0|null|0
377|copper|4|76.65991|1.0|0.006153846|2|0|null|0
378|copper|4|80.65991|1.0|0.006153846|2|0|null|0
379|copper|4|84.65991|1.0|0.006153846|2|0|null|0
380|copper|4|88.65991|1.0|0.006153846|2|0|null|0
381|copper|4|92.65991|1.0|0.006153846|2|0|null|0
382|copper|4|96.65991|1.0|0.006153846|2|0|null|0
383|copper|4|100.65991|1.0|0.006153846|2|0|null|0
384|copper|4|104.65991|1.0|0.006153846|2|0|null|0
385|copper|4|108.65991|1.0|0.006153846|2|0|null|0
386|copper|4|112.65991|1.0|0.006153846|2|0|null|0
387|copper|4|116.65991|1.0|0.006153846|2|0|null|0
388|copper|4|120.65991|1.0|0.006153846|2|0|null|0
389|copper|4|124.65991|1.0|0.006153846|2|0|null|0
390|copper|4|128.65991|1.0|0.006153846|2|0|null|0
391|copper|4|132.65991|1.0|0.006153846|2|0|null|0
392|copper|4|136.65991|1.0|0.006153846|2|0|null|0
393|copper|4|140.65991|1.0|0.006153846|2|0|null|0
394|copper|4|144.65991|1.0|0.006153846|2|0|null|0
395|copper|4|148.65991|1.0|0.006153846|2|0|null|0
396|copper|4|152.65991|1.0|0.006153846|2|0|null|0
397|copper|4|156.65991|1.0|0.006153846|2|0|null|0
398|copper|4|160.65991|1.0|0.006153846|2|0|null|0
399|copper|4|164.65991|1.0|0.006153846|2|0|null|0
400|copper|4|168.65991|1.0|0.006153846|2|0|null|0
401|copper|4|172.65991|1.0|0.006153846|2|0|null|0
402|copper|4|176.65991|1.0|0.006153846|2|0|null|0
403|copper|4|180.65991|1.0|0.006153846|2|0|null|0
404|copper|4|184.65991|1.0|0.006153846|2|0|null|0
405|copper|4|188.65991|1.0|0.006153846|2|0|null|0
406|copper|4|192.65991|1.0|0.006153846|2|0|null|0
407|copper|4|196.65991|1.0|0.006153846|2|0|null|0
408|copper|4|200.65991|1.0|0.006153846|2|0|null|0
409|copper|4|204.65991|1.0|0.006153846|2|0|null|0
410|copper|4|208.65991|1.0|0.006153846|2|0|null|0
411|copper|4|212.65991|1.0|0.006153846|2|0|null|0
412|copper|4|216.65991|1.0|0.006153846|2|0|null|0
413|copper|4|220.65991|1.0|0.006153846|2|0|null|0
414|copper|4|224.65991|1.0|0.006153846|2|0|null|0
415|copper|4|228.65991|1.0|0.006153846|2|0|null|0
416|copper|4|232.65991|1.0|0.006153846|2|0|null|0
417|copper|4|236.65991|1.0|0.006153846|2|0|null|0
418|copper|4|240.65991|1.0|0.006153846|2|0|null|0
419|copper|4|244.65991|1.0|0.006153846|2|0|null|0
420|copper|4|248.65991|1.0|0.006153846|2|0|null|0
421|copper|4|252.65991|1.0|0.006153846|2|0|null|0
422|copper|4|256.6599|1.0|0.006153846|2|0|null|0
423|copper|4|260.6599|1.0|0.006153846|2|0|null|0
424|copper|4|264.6599|1.0|0.006153846|2|0|null|0
425|copper|4|268.6599|1.0|0.006153846|2|0|null|0
426|copper|4|272.6599|1.0|0.006153846|2|0|null|0
427|copper|4|276.6599|1.0|0.006153846|2|0|null|0
428|copper|4|280.6599|1.0|0.006153846|2|0|null|0
429|copper|4|284.6599|1.0|0.006153846|2|0|null|0
430|copper|4|288.6599|1.0|0.006153846|2|0|null|0
431|copper|4|292.6599|1.0|0.006153846|2|0|null|0
432|copper|4|296.6599|1.0|0.006153846|2|0|null|0
433|copper|4|300.6599|1.0|0.006153846|2|0|null|0
434|copper|4|304.6599|1.0|0.006153846|2|0|null|0
435|copper|4|308.6599|1.0|0.006153846|2|0|null|0
436|copper|4|312.6599|1.0|0.006153846|2|0|null|0
437|copper|4|316.6599|1.0|0.006153846|2|0|null|0
438|copper|4|320.6599|1.0|0.006153846|2|0|null|0
439|copper|4|324.6599|1.0|0.006153846|2|0|null|0
440|copper|4|328.6599|1.0|0.006153846|2|0|null|0
441|copper|4|332.6599|1.0|0.006153846|2|0|null|0
442|copper|4|336.6599|1.0|0.006153846|2|0|null|0
443|copper|4|340.6599|1.0|0.006153846|2|0|null|0
444|copper|4|344.6599|1.0|0.006153846|2|0|null|0
445|copper|4|348.6599|1.0|0.006153846|2|0|null|0
446|copper|4|352.6599|1.0|0.006153846|2|0|null|0
447|copper|4|356.6599|1.0|0.006153846|2|0|null|0
448|copper|4|360.6599|1.0|0.006153846|2|0|null|0
449|copper|4|364.6599|1.0|0.006153846|2|0|null|0
450|copper|4|368.6599|1.0|0.006153846|2|0|null|0
451|copper|4|372.6599|1.0|0.006153846|2|0|null|0
452|copper|4|376.6599|1.0|0.006153846|2|0|null|0
453|copper|4|380.6599|1.0|0.006153846|2|0|null|0
454|copper|4|384.6599|1.0|0.006153846|2|0|null|0
455|copper|4|388.6599|1.0|0.006153846|2|0|null|0
456|copper|4|392.6599|1.0|0.006153846|2|0|null|0
457|copper|4|396.6599|1.0|0.006153846|2|0|null|0
458|copper|4|400.6599|1.0|0.006153846|2|0|null|0
459|copper|4|404.6599|1.0|0.006153846|2|0|null|0
460|copper|4|408.6599|1.0|0.006153846|2|0|null|0
461|copper|4|412.6599|1.0|0.006153846|2|0|null|0
462|copper|4|416.6599|1.0|0.006153846|2|0|null|0
463|copper|4|420.6599|1.0|0.006153846|2|0|null|0
464|copper|4|424.6599|1.0|0.006153846|2|0|null|0
465|copper|4|428.6599|1.0|0.006153846|2|0|null|0
466|copper|4|432.6599|1.0|0.006153846|2|0|null|0
467|copper|4|436.6599|1.0|0.006153846|2|0|null|0
468|copper|4|440.6599|1.0|0.006153846|2|0|null|0
469|copper|4|444.6599|1.0|0.006153846|2|0|null|0
470|copper|4|448.6599|1.0|0.006153846|2|0|null|0
471|copper|4|452.6599|1.0|0.006153846|2|0|null|0
472|copper|4|456.6599|1.0|0.006153846|2|0|null|0
473|copper|4|460.6599|1.0|0.006153846|2|0|null|0
474|copper|4|464.6599|1.0|0.006153846|2|0|null|0
475|copper|4|468.6599|1.0|0.006153846|2|0|null|0
476|copper|4|472.6599|1.0|0.006153846|2|0|null|0
477|copper|4|476.6599|1.0|0.006153846|2|0|null|0
478|copper|4|480.6599|1.0|0.006153846|2|0|null|0
479|copper|4|484.6599|1.0|0.006153846|2|0|null|0
480|copper|4|488.6599|1.0|0.006153846|2|0|null|0
481|copper|4|492.6599|1.0|0.006153846|2|0|null|0
482|copper|4|496.6599|1.0|0.006153846|2|0|null|0
483|copper|4|500.6599|1.0|0.006153846|2|0|null|0
484|copper|4|504.6599|1.0|0.006153846|2|0|null|0
485|copper|4|508.6599|1.0|0.006153846|2|0|null|0
486|copper|4|512.6599|1.0|0.006153846|2|0|null|0
487|copper|4|516.6599|1.0|0.006153846|2|0|null|0
488|copper|4|520.6599|1.0|0.006153846|2|0|null|0
489|copper|4|524.6599|1.0|0.006153846|2|0|null|0
490|copper|4|528.6599|1.0|0.006153846|2|0|null|0
491|copper|4|532.6599|1.0|0.006153846|2|0|null|0
492|copper|4|536.6599|1.0|0.006153846|2|0|null|0
493|copper|4|540.6599|1.0|0.006153846|2|0|null|0
494|copper|4|544.6599|1.0|0.006153846|2|0|null|0
495|copper|4|548.6599|1.0|0.006153846|2|0|null|0
496|copper|4|552.6599|1.0|0.006153846|2|0|null|0
497|copper|4|556.6599|1.0|0.006153846|2|0|null|0
498|copper|4|560.6599|1.0|0.006153846|2|0|null|0
499|copper|4|564.6599|1.0|0.006153846|2|0|null|0
500|copper|4|568.6599|1.0|0.006153846|2|0|null|0
501|copper|4|572.6599|1.0|0.006153846|2|0|null|0
502|copper|4|576.6599|1.0|0.006153846|2|0|null|0
503|copper|4|580.6599|1.0|0.006153846|2|0|null|0
504|copper|4|584.6599|1.0|0.006153846|2|0|null|0
505|copper|4|588.6599|1.0|0.006153846|2|0|null|0
506|copper|4|592.6599|1.0|0.006153846|2|0|null|0
507|copper|4|596.6599|1.0|0.006153846|2|0|null|0
508|copper|4|600.6599|1.0|0.006153846|2|0|null|0
509|copper|4|604.6599|1.0|0.006153846|2|0|null|0
510|copper|4|608.6599|1.0|0.006153846|2|0|null|0
511|copper|4|612.6599|1.0|0.006153846|2|0|null|0
512|copper|4|616.6599|1.0|0.006153846|2|0|null|0
513|copper|4|620.6599|1.0|0.006153846|2|0|null|0
514|copper|4|624.6599|1.0|0.006153846|2|0|null|0
515|copper|4|628.6599|1.0|0.006153846|2|0|null|0
516|copper|4|632.6599|1.0|0.006153846|2|0|null|0
517|copper|4|636.6599|1.0|0.006153846|2|0|null|0
518|copper|4|640.6599|1.0|0.006153846|2|0|null|0
519|copper|4|644.6599|1.0|0.006153846|2|0|null|0
520|copper|4|648.6599|1.0|0.006153846|2|0|null|0
521|copper|4|2.659912|1.0|0.006153846|3|0|null|0
522|copper|4|6.659912|1.0|0.006153846|3|0|null|0
523|copper|4|10.659912|1.0|0.006153846|3|0|null|0
524|copper|4|14.659912|1.0|0.006153846|3|0|null|0
525|copper|4|18.659912|1.0|0.006153846|3|0|null|0
526|copper|4|22.659912|1.0|0.006153846|3|0|null|0
527|copper|4|26.659912|1.0|0.006153846|3|0|null|0
528|copper|4|30.659912|1.0|0.006153846|3|0|null|0
529|copper|4|34.659912|1.0|0.006153846|3|0|null|0
530|copper|4|38.659912|1.0|0.006153846|3|0|null|0
531|copper|4|42.659912|1.0|0.006153846|3|0|null|0
532|copper|4|46.659912|1.0|0.006153846|3|0|null|0
533|copper|4|50.659912|1.0|0.006153846|3|0|null|0
534|copper|4|54.659912|1.0|0.006153846|3|0|null|0
535|copper|4|58.659912|1.0|0.006153846|3|0|null|0
536|copper|4|62.659912|1.0|0.006153846|3|0|null|0
537|copper|4|66.65991|1.0|0.006153846|3|0|null|0
538|copper|4|70.65991|1.0|0.006153846|3|0|null|0
539|copper|4|74.65991|1.0|0.006153846|3|0|null|0
540|copper|4|78.65991|1.0|0.006153846|3|0|null|0
541|copper|4|82.65991|1.0|0.006153846|3|0|null|0
542|copper|4|86.65991|1.0|0.006153846|3|0|null|0
543|copper|4|90.65991|1.0|0.006153846|3|0|null|0
544|copper|4|94.65991|1.0|0.006153846|3|0|null|0
545|copper|4|98.65991|1.0|0.006153846|3|0|null|0
546|copper|4|102.65991|1.0|0.006153846|3|0|null|0
547|copper|4|106.65991|1.0|0.006153846|3|0|null|0
548|copper|4|110.65991|1.0|0.006153846|3|0|null|0
549|copper|4|114.65991|1.0|0.006153846|3|0|null|0
550|copper|4|118.65991|1.0|0.006153846|3|0|null|0
551|copper|4|122.65991|1.0|0.006153846|3|0|null|0
552|copper|4|126.65991|1.0|0.006153846|3|0|null|0
553|copper|4|130.65991|1.0|0.006153846|3|0|null|0
554|copper|4|134.65991|1.0|0.006153846|3|0|null|0
555|copper|4|138.65991|1.0|0.006153846|3|0|null|0
556|copper|4|142.65991|1.0|0.006153846|3|0|null|0
557|copper|4|146.65991|1.0|0.006153846|3|0|null|0
558|copper|4|150.65991|1.0|0.006153846|3|0|null|0
559|copper|4|154.65991|1.0|0.006153846|3|0|null|0
560|copper|4|158.65991|1.0|0.006153846|3|0|null|0
561|copper|4|162.65991|1.0|0.006153846|3|0|null|0
562|copper|4|166.65991|1.0|0.006153846|3|0|null|0
563|copper|4|170.65991|1.0|0.006153846|3|0|null|0
564|copper|4|174.65991|1.0|0.006153846|3|0|null|0
565|copper|4|178.65991|1.0|0.006153846|3|0|null|0
566|copper|4|182.65991|1.0|0.006153846|3|0|null|0
567|copper|4|186.65991|1.0|0.006153846|3|0|null|0
568|copper|4|190.65991|1.0|0.006153846|3|0|null|0
569|copper|4|194.65991|1.0|0.006153846|3|0|null|0
570|copper|4|198.65991|1.0|0.006153846|3|0|null|0
571|copper|4|202.65991|1.0|0.006153846|3|0|null|0
572|copper|4|206.65991|1.0|0.006153846|3|0|null|0
573|copper|4|210.65991|1.0|0.006153846|3|0|null|0
574|copper|4|214.65991|1.0|0.006153846|3|0|null|0
575|copper|4|218.65991|1.0|0.006153846|3|0|null|0
576|copper|4|222.65991|1.0|0.006153846|3|0|null|0
577|copper|4|226.65991|1.0|0.006153846|3|0|null|0
578|copper|4|230.65991|1.0|0.006153846|3|0|null|0
579|copper|4|234.65991|1.0|0.006153846|3|0|null|0
580|copper|4|238.65991|1.0|0.006153846|3|0|null|0
581|copper|4|242.65991|1.0|0.006153846|3|0|null|0
582|copper|4|246.65991|1.0|0.006153846|3|0|null|0
583|copper|4|250.65991|1.0|0.006153846|3|0|null|0
584|copper|4|254.65991|1.0|0.006153846|3|0|null|0
585|copper|4|258.6599|1.0|0.006153846|3|0|null|0
586|copper|4|262.6599|1.0|0.006153846|3|0|null|0
587|copper|4|266.6599|1.0|0.006153846|3|0|null|0
588|copper|4|270.6599|1.0|0.006153846|3|0|null|0
589|copper|4|274.6599|1.0|0.006153846|3|0|null|0
590|copper|4|278.6599|1.0|0.006153846|3|0|null|0
591|copper|4|282.6599|1.0|0.006153846|3|0|null|0
592|copper|4|286.6599|1.0|0.006153846|3|0|null|0
593|copper|4|290.6599|1.0|0.006153846|3|0|null|0
594|copper|4|294.6599|1.0|0.006153846|3|0|null|0
595|copper|4|298.6599|1.0|0.006153846|3|0|null|0
596|copper|4|302.6599|1.0|0.006153846|3|0|null|0
597|copper|4|306.6599|1.0|0.006153846|3|0|null|0
598|copper|4|310.6599|1.0|0.006153846|3|0|null|0
599|copper|4|314.6599|1.0|0.006153846|3|0|null|0
600|copper|4|318.6599|1.0|0.006153846|3|0|null|0
# [A] exact ticks: 1st item @ tick 196, 2nd @ tick 358, 3rd @ tick 521; itemsTotal @ tick 600 = 3
#
# [B] drill -> conveyor(7,5)r0 -> conveyor(8,5)r0: the item is offloaded into c1 the same tick it is produced
0|copper|4|0.0|0.0|0.0|0|0|null|0
1|copper|4|0.06|0.015|0.0|0|0|null|0
2|copper|4|0.17999999|0.03|9.230769E-5|0|0|null|0
3|copper|4|0.35999998|0.044999998|1.8461538E-4|0|0|null|0
4|copper|4|0.59999996|0.06|2.7692306E-4|0|0|null|0
5|copper|4|0.9|0.074999996|3.6923075E-4|0|0|null|0
6|copper|4|1.26|0.089999996|4.6153844E-4|0|0|null|0
7|copper|4|1.68|0.105|5.538461E-4|0|0|null|0
8|copper|4|2.1599998|0.12|6.461538E-4|0|0|null|0
9|copper|4|2.6999998|0.13499999|7.384615E-4|0|0|null|0
10|copper|4|3.2999997|0.14999999|8.307692E-4|0|0|null|0
11|copper|4|3.9599996|0.16499999|9.230769E-4|0|0|null|0
12|copper|4|4.6799994|0.17999999|0.0010153846|0|0|null|0
13|copper|4|5.459999|0.195|0.0011076923|0|0|null|0
14|copper|4|6.299999|0.21|0.0011999999|0|0|null|0
15|copper|4|7.1999993|0.225|0.0012923076|0|0|null|0
16|copper|4|8.159999|0.24|0.0013846153|0|0|null|0
17|copper|4|9.179998|0.255|0.001476923|0|0|null|0
18|copper|4|10.259998|0.26999998|0.0015692307|0|0|null|0
19|copper|4|11.399998|0.28499997|0.0016615384|0|0|null|0
20|copper|4|12.5999975|0.29999995|0.001753846|0|0|null|0
21|copper|4|13.859997|0.31499994|0.0018461535|0|0|null|0
22|copper|4|15.1799965|0.32999992|0.0019384612|0|0|null|0
23|copper|4|16.559996|0.3449999|0.0020307687|0|0|null|0
24|copper|4|17.999996|0.3599999|0.0021230765|0|0|null|0
25|copper|4|19.499996|0.37499988|0.002215384|0|0|null|0
26|copper|4|21.059996|0.38999987|0.0023076916|0|0|null|0
27|copper|4|22.679995|0.40499985|0.0023999992|0|0|null|0
28|copper|4|24.359993|0.41999984|0.0024923068|0|0|null|0
29|copper|4|26.099993|0.43499982|0.0025846143|0|0|null|0
30|copper|4|27.899992|0.4499998|0.002676922|0|0|null|0
31|copper|4|29.75999|0.4649998|0.0027692297|0|0|null|0
32|copper|4|31.679989|0.47999978|0.0028615373|0|0|null|0
33|copper|4|33.65999|0.49499977|0.0029538448|0|0|null|0
34|copper|4|35.69999|0.50999975|0.0030461524|0|0|null|0
35|copper|4|37.799988|0.52499974|0.00313846|0|0|null|0
36|copper|4|39.959988|0.5399997|0.0032307676|0|0|null|0
37|copper|4|42.179985|0.5549997|0.0033230751|0|0|null|0
38|copper|4|44.459984|0.5699997|0.003415383|0|0|null|0
39|copper|4|46.799984|0.5849997|0.0035076905|0|0|null|0
40|copper|4|49.19998|0.59999967|0.003599998|0|0|null|0
41|copper|4|51.65998|0.61499965|0.0036923056|0|0|null|0
42|copper|4|54.179977|0.62999964|0.0037846132|0|0|null|0
43|copper|4|56.759975|0.6449996|0.0038769208|0|0|null|0
44|copper|4|59.399975|0.6599996|0.0039692284|0|0|null|0
45|copper|4|62.09997|0.6749996|0.004061536|0|0|null|0
46|copper|4|64.85997|0.6899996|0.0041538435|0|0|null|0
47|copper|4|67.67997|0.70499957|0.004246151|0|0|null|0
48|copper|4|70.55997|0.71999955|0.0043384586|0|0|null|0
49|copper|4|73.49996|0.73499954|0.0044307667|0|0|null|0
50|copper|4|76.49996|0.7499995|0.0045230743|0|0|null|0
51|copper|4|79.55996|0.7649995|0.004615382|0|0|null|0
52|copper|4|82.679955|0.7799995|0.0047076894|0|0|null|0
53|copper|4|85.859955|0.7949995|0.004799997|0|0|null|0
54|copper|4|89.09995|0.80999947|0.0048923045|0|0|null|0
55|copper|4|92.39995|0.82499945|0.004984612|0|0|null|0
56|copper|4|95.75995|0.83999944|0.0050769197|0|0|null|0
57|copper|4|99.17995|0.8549994|0.0051692273|0|0|null|0
58|copper|4|102.65994|0.8699994|0.005261535|0|0|null|0
59|copper|4|106.19994|0.8849994|0.0053538424|0|0|null|0
60|copper|4|109.79994|0.8999994|0.00544615|0|0|null|0
61|copper|4|113.45994|0.91499937|0.0055384575|0|0|null|0
62|copper|4|117.17993|0.92999935|0.005630765|0|0|null|0
63|copper|4|120.95993|0.94499934|0.005723073|0|0|null|0
64|copper|4|124.79993|0.9599993|0.0058153807|0|0|null|0
65|copper|4|128.69992|0.9749993|0.0059076883|0|0|null|0
66|copper|4|132.65991|0.9899993|0.005999996|0|0|null|0
67|copper|4|136.65991|1.0|0.0060923034|0|0|null|0
68|copper|4|140.65991|1.0|0.006153846|0|0|null|0
69|copper|4|144.65991|1.0|0.006153846|0|0|null|0
70|copper|4|148.65991|1.0|0.006153846|0|0|null|0
71|copper|4|152.65991|1.0|0.006153846|0|0|null|0
72|copper|4|156.65991|1.0|0.006153846|0|0|null|0
73|copper|4|160.65991|1.0|0.006153846|0|0|null|0
74|copper|4|164.65991|1.0|0.006153846|0|0|null|0
75|copper|4|168.65991|1.0|0.006153846|0|0|null|0
76|copper|4|172.65991|1.0|0.006153846|0|0|null|0
77|copper|4|176.65991|1.0|0.006153846|0|0|null|0
78|copper|4|180.65991|1.0|0.006153846|0|0|null|0
79|copper|4|184.65991|1.0|0.006153846|0|0|null|0
80|copper|4|188.65991|1.0|0.006153846|0|0|null|0
81|copper|4|192.65991|1.0|0.006153846|0|0|null|0
82|copper|4|196.65991|1.0|0.006153846|0|0|null|0
83|copper|4|200.65991|1.0|0.006153846|0|0|null|0
84|copper|4|204.65991|1.0|0.006153846|0|0|null|0
85|copper|4|208.65991|1.0|0.006153846|0|0|null|0
86|copper|4|212.65991|1.0|0.006153846|0|0|null|0
87|copper|4|216.65991|1.0|0.006153846|0|0|null|0
88|copper|4|220.65991|1.0|0.006153846|0|0|null|0
89|copper|4|224.65991|1.0|0.006153846|0|0|null|0
90|copper|4|228.65991|1.0|0.006153846|0|0|null|0
91|copper|4|232.65991|1.0|0.006153846|0|0|null|0
92|copper|4|236.65991|1.0|0.006153846|0|0|null|0
93|copper|4|240.65991|1.0|0.006153846|0|0|null|0
94|copper|4|244.65991|1.0|0.006153846|0|0|null|0
95|copper|4|248.65991|1.0|0.006153846|0|0|null|0
96|copper|4|252.65991|1.0|0.006153846|0|0|null|0
97|copper|4|256.6599|1.0|0.006153846|0|0|null|0
98|copper|4|260.6599|1.0|0.006153846|0|0|null|0
99|copper|4|264.6599|1.0|0.006153846|0|0|null|0
100|copper|4|268.6599|1.0|0.006153846|0|0|null|0
101|copper|4|272.6599|1.0|0.006153846|0|0|null|0
102|copper|4|276.6599|1.0|0.006153846|0|0|null|0
103|copper|4|280.6599|1.0|0.006153846|0|0|null|0
104|copper|4|284.6599|1.0|0.006153846|0|0|null|0
105|copper|4|288.6599|1.0|0.006153846|0|0|null|0
106|copper|4|292.6599|1.0|0.006153846|0|0|null|0
107|copper|4|296.6599|1.0|0.006153846|0|0|null|0
108|copper|4|300.6599|1.0|0.006153846|0|0|null|0
109|copper|4|304.6599|1.0|0.006153846|0|0|null|0
110|copper|4|308.6599|1.0|0.006153846|0|0|null|0
111|copper|4|312.6599|1.0|0.006153846|0|0|null|0
112|copper|4|316.6599|1.0|0.006153846|0|0|null|0
113|copper|4|320.6599|1.0|0.006153846|0|0|null|0
114|copper|4|324.6599|1.0|0.006153846|0|0|null|0
115|copper|4|328.6599|1.0|0.006153846|0|0|null|0
116|copper|4|332.6599|1.0|0.006153846|0|0|null|0
117|copper|4|336.6599|1.0|0.006153846|0|0|null|0
118|copper|4|340.6599|1.0|0.006153846|0|0|null|0
119|copper|4|344.6599|1.0|0.006153846|0|0|null|0
120|copper|4|348.6599|1.0|0.006153846|0|0|null|0
121|copper|4|352.6599|1.0|0.006153846|0|0|null|0
122|copper|4|356.6599|1.0|0.006153846|0|0|null|0
123|copper|4|360.6599|1.0|0.006153846|0|0|null|0
124|copper|4|364.6599|1.0|0.006153846|0|0|null|0
125|copper|4|368.6599|1.0|0.006153846|0|0|null|0
126|copper|4|372.6599|1.0|0.006153846|0|0|null|0
127|copper|4|376.6599|1.0|0.006153846|0|0|null|0
128|copper|4|380.6599|1.0|0.006153846|0|0|null|0
129|copper|4|384.6599|1.0|0.006153846|0|0|null|0
130|copper|4|388.6599|1.0|0.006153846|0|0|null|0
131|copper|4|392.6599|1.0|0.006153846|0|0|null|0
132|copper|4|396.6599|1.0|0.006153846|0|0|null|0
133|copper|4|400.6599|1.0|0.006153846|0|0|null|0
134|copper|4|404.6599|1.0|0.006153846|0|0|null|0
135|copper|4|408.6599|1.0|0.006153846|0|0|null|0
136|copper|4|412.6599|1.0|0.006153846|0|0|null|0
137|copper|4|416.6599|1.0|0.006153846|0|0|null|0
138|copper|4|420.6599|1.0|0.006153846|0|0|null|0
139|copper|4|424.6599|1.0|0.006153846|0|0|null|0
140|copper|4|428.6599|1.0|0.006153846|0|0|null|0
141|copper|4|432.6599|1.0|0.006153846|0|0|null|0
142|copper|4|436.6599|1.0|0.006153846|0|0|null|0
143|copper|4|440.6599|1.0|0.006153846|0|0|null|0
144|copper|4|444.6599|1.0|0.006153846|0|0|null|0
145|copper|4|448.6599|1.0|0.006153846|0|0|null|0
146|copper|4|452.6599|1.0|0.006153846|0|0|null|0
147|copper|4|456.6599|1.0|0.006153846|0|0|null|0
148|copper|4|460.6599|1.0|0.006153846|0|0|null|0
149|copper|4|464.6599|1.0|0.006153846|0|0|null|0
150|copper|4|468.6599|1.0|0.006153846|0|0|null|0
151|copper|4|472.6599|1.0|0.006153846|0|0|null|0
152|copper|4|476.6599|1.0|0.006153846|0|0|null|0
153|copper|4|480.6599|1.0|0.006153846|0|0|null|0
154|copper|4|484.6599|1.0|0.006153846|0|0|null|0
155|copper|4|488.6599|1.0|0.006153846|0|0|null|0
156|copper|4|492.6599|1.0|0.006153846|0|0|null|0
157|copper|4|496.6599|1.0|0.006153846|0|0|null|0
158|copper|4|500.6599|1.0|0.006153846|0|0|null|0
159|copper|4|504.6599|1.0|0.006153846|0|0|null|0
160|copper|4|508.6599|1.0|0.006153846|0|0|null|0
161|copper|4|512.6599|1.0|0.006153846|0|0|null|0
162|copper|4|516.6599|1.0|0.006153846|0|0|null|0
163|copper|4|520.6599|1.0|0.006153846|0|0|null|0
164|copper|4|524.6599|1.0|0.006153846|0|0|null|0
165|copper|4|528.6599|1.0|0.006153846|0|0|null|0
166|copper|4|532.6599|1.0|0.006153846|0|0|null|0
167|copper|4|536.6599|1.0|0.006153846|0|0|null|0
168|copper|4|540.6599|1.0|0.006153846|0|0|null|0
169|copper|4|544.6599|1.0|0.006153846|0|0|null|0
170|copper|4|548.6599|1.0|0.006153846|0|0|null|0
171|copper|4|552.6599|1.0|0.006153846|0|0|null|0
172|copper|4|556.6599|1.0|0.006153846|0|0|null|0
173|copper|4|560.6599|1.0|0.006153846|0|0|null|0
174|copper|4|564.6599|1.0|0.006153846|0|0|null|0
175|copper|4|568.6599|1.0|0.006153846|0|0|null|0
176|copper|4|572.6599|1.0|0.006153846|0|0|null|0
177|copper|4|576.6599|1.0|0.006153846|0|0|null|0
178|copper|4|580.6599|1.0|0.006153846|0|0|null|0
179|copper|4|584.6599|1.0|0.006153846|0|0|null|0
180|copper|4|588.6599|1.0|0.006153846|0|0|null|0
181|copper|4|592.6599|1.0|0.006153846|0|0|null|0
182|copper|4|596.6599|1.0|0.006153846|0|0|null|0
183|copper|4|600.6599|1.0|0.006153846|0|0|null|0
184|copper|4|604.6599|1.0|0.006153846|0|0|null|0
185|copper|4|608.6599|1.0|0.006153846|0|0|null|0
186|copper|4|612.6599|1.0|0.006153846|0|0|null|0
187|copper|4|616.6599|1.0|0.006153846|0|0|null|0
188|copper|4|620.6599|1.0|0.006153846|0|0|null|0
189|copper|4|624.6599|1.0|0.006153846|0|0|null|0
190|copper|4|628.6599|1.0|0.006153846|0|0|null|0
191|copper|4|632.6599|1.0|0.006153846|0|0|null|0
192|copper|4|636.6599|1.0|0.006153846|0|0|null|0
193|copper|4|640.6599|1.0|0.006153846|0|0|null|0
194|copper|4|644.6599|1.0|0.006153846|0|0|null|0
195|copper|4|648.6599|1.0|0.006153846|0|0|null|0
196|copper|4|2.659912|1.0|0.006153846|0|1|0.035|0
197|copper|4|6.659912|1.0|0.006153846|0|1|0.07|0
198|copper|4|10.659912|1.0|0.006153846|0|1|0.105000004|0
199|copper|4|14.659912|1.0|0.006153846|0|1|0.14|0
200|copper|4|18.659912|1.0|0.006153846|0|1|0.175|0
201|copper|4|22.659912|1.0|0.006153846|0|1|0.21|0
202|copper|4|26.659912|1.0|0.006153846|0|1|0.24499999|0
203|copper|4|30.659912|1.0|0.006153846|0|1|0.28|0
204|copper|4|34.659912|1.0|0.006153846|0|1|0.315|0
205|copper|4|38.659912|1.0|0.006153846|0|1|0.35|0
206|copper|4|42.659912|1.0|0.006153846|0|1|0.385|0
207|copper|4|46.659912|1.0|0.006153846|0|1|0.42|0
208|copper|4|50.659912|1.0|0.006153846|0|1|0.45499998|0
209|copper|4|54.659912|1.0|0.006153846|0|1|0.48999998|0
210|copper|4|58.659912|1.0|0.006153846|0|1|0.525|0
211|copper|4|62.659912|1.0|0.006153846|0|1|0.56|0
212|copper|4|66.65991|1.0|0.006153846|0|1|0.595|0
213|copper|4|70.65991|1.0|0.006153846|0|1|0.63000005|0
214|copper|4|74.65991|1.0|0.006153846|0|1|0.6650001|0
215|copper|4|78.65991|1.0|0.006153846|0|1|0.7000001|0
216|copper|4|82.65991|1.0|0.006153846|0|1|0.73500013|0
217|copper|4|86.65991|1.0|0.006153846|0|1|0.77000016|0
218|copper|4|90.65991|1.0|0.006153846|0|1|0.8050002|0
219|copper|4|94.65991|1.0|0.006153846|0|1|0.8400002|0
220|copper|4|98.65991|1.0|0.006153846|0|1|0.87500024|0
221|copper|4|102.65991|1.0|0.006153846|0|1|0.91000026|0
222|copper|4|106.65991|1.0|0.006153846|0|1|0.9450003|0
223|copper|4|110.65991|1.0|0.006153846|0|1|0.9800003|0
224|copper|4|114.65991|1.0|0.006153846|0|0|null|1
225|copper|4|118.65991|1.0|0.006153846|0|0|null|1
226|copper|4|122.65991|1.0|0.006153846|0|0|null|1
227|copper|4|126.65991|1.0|0.006153846|0|0|null|1
228|copper|4|130.65991|1.0|0.006153846|0|0|null|1
229|copper|4|134.65991|1.0|0.006153846|0|0|null|1
230|copper|4|138.65991|1.0|0.006153846|0|0|null|1
231|copper|4|142.65991|1.0|0.006153846|0|0|null|1
232|copper|4|146.65991|1.0|0.006153846|0|0|null|1
233|copper|4|150.65991|1.0|0.006153846|0|0|null|1
234|copper|4|154.65991|1.0|0.006153846|0|0|null|1
235|copper|4|158.65991|1.0|0.006153846|0|0|null|1
236|copper|4|162.65991|1.0|0.006153846|0|0|null|1
237|copper|4|166.65991|1.0|0.006153846|0|0|null|1
238|copper|4|170.65991|1.0|0.006153846|0|0|null|1
239|copper|4|174.65991|1.0|0.006153846|0|0|null|1
240|copper|4|178.65991|1.0|0.006153846|0|0|null|1
241|copper|4|182.65991|1.0|0.006153846|0|0|null|1
242|copper|4|186.65991|1.0|0.006153846|0|0|null|1
243|copper|4|190.65991|1.0|0.006153846|0|0|null|1
244|copper|4|194.65991|1.0|0.006153846|0|0|null|1
245|copper|4|198.65991|1.0|0.006153846|0|0|null|1
246|copper|4|202.65991|1.0|0.006153846|0|0|null|1
247|copper|4|206.65991|1.0|0.006153846|0|0|null|1
248|copper|4|210.65991|1.0|0.006153846|0|0|null|1
249|copper|4|214.65991|1.0|0.006153846|0|0|null|1
250|copper|4|218.65991|1.0|0.006153846|0|0|null|1
251|copper|4|222.65991|1.0|0.006153846|0|0|null|1
252|copper|4|226.65991|1.0|0.006153846|0|0|null|1
253|copper|4|230.65991|1.0|0.006153846|0|0|null|1
254|copper|4|234.65991|1.0|0.006153846|0|0|null|1
255|copper|4|238.65991|1.0|0.006153846|0|0|null|1
256|copper|4|242.65991|1.0|0.006153846|0|0|null|1
257|copper|4|246.65991|1.0|0.006153846|0|0|null|1
258|copper|4|250.65991|1.0|0.006153846|0|0|null|1
259|copper|4|254.65991|1.0|0.006153846|0|0|null|1
260|copper|4|258.6599|1.0|0.006153846|0|0|null|1
261|copper|4|262.6599|1.0|0.006153846|0|0|null|1
262|copper|4|266.6599|1.0|0.006153846|0|0|null|1
263|copper|4|270.6599|1.0|0.006153846|0|0|null|1
264|copper|4|274.6599|1.0|0.006153846|0|0|null|1
265|copper|4|278.6599|1.0|0.006153846|0|0|null|1
266|copper|4|282.6599|1.0|0.006153846|0|0|null|1
267|copper|4|286.6599|1.0|0.006153846|0|0|null|1
268|copper|4|290.6599|1.0|0.006153846|0|0|null|1
269|copper|4|294.6599|1.0|0.006153846|0|0|null|1
270|copper|4|298.6599|1.0|0.006153846|0|0|null|1
271|copper|4|302.6599|1.0|0.006153846|0|0|null|1
272|copper|4|306.6599|1.0|0.006153846|0|0|null|1
273|copper|4|310.6599|1.0|0.006153846|0|0|null|1
274|copper|4|314.6599|1.0|0.006153846|0|0|null|1
275|copper|4|318.6599|1.0|0.006153846|0|0|null|1
276|copper|4|322.6599|1.0|0.006153846|0|0|null|1
277|copper|4|326.6599|1.0|0.006153846|0|0|null|1
278|copper|4|330.6599|1.0|0.006153846|0|0|null|1
279|copper|4|334.6599|1.0|0.006153846|0|0|null|1
280|copper|4|338.6599|1.0|0.006153846|0|0|null|1
281|copper|4|342.6599|1.0|0.006153846|0|0|null|1
282|copper|4|346.6599|1.0|0.006153846|0|0|null|1
283|copper|4|350.6599|1.0|0.006153846|0|0|null|1
284|copper|4|354.6599|1.0|0.006153846|0|0|null|1
285|copper|4|358.6599|1.0|0.006153846|0|0|null|1
286|copper|4|362.6599|1.0|0.006153846|0|0|null|1
287|copper|4|366.6599|1.0|0.006153846|0|0|null|1
288|copper|4|370.6599|1.0|0.006153846|0|0|null|1
289|copper|4|374.6599|1.0|0.006153846|0|0|null|1
290|copper|4|378.6599|1.0|0.006153846|0|0|null|1
291|copper|4|382.6599|1.0|0.006153846|0|0|null|1
292|copper|4|386.6599|1.0|0.006153846|0|0|null|1
293|copper|4|390.6599|1.0|0.006153846|0|0|null|1
294|copper|4|394.6599|1.0|0.006153846|0|0|null|1
295|copper|4|398.6599|1.0|0.006153846|0|0|null|1
296|copper|4|402.6599|1.0|0.006153846|0|0|null|1
297|copper|4|406.6599|1.0|0.006153846|0|0|null|1
298|copper|4|410.6599|1.0|0.006153846|0|0|null|1
299|copper|4|414.6599|1.0|0.006153846|0|0|null|1
300|copper|4|418.6599|1.0|0.006153846|0|0|null|1
301|copper|4|422.6599|1.0|0.006153846|0|0|null|1
302|copper|4|426.6599|1.0|0.006153846|0|0|null|1
303|copper|4|430.6599|1.0|0.006153846|0|0|null|1
304|copper|4|434.6599|1.0|0.006153846|0|0|null|1
305|copper|4|438.6599|1.0|0.006153846|0|0|null|1
306|copper|4|442.6599|1.0|0.006153846|0|0|null|1
307|copper|4|446.6599|1.0|0.006153846|0|0|null|1
308|copper|4|450.6599|1.0|0.006153846|0|0|null|1
309|copper|4|454.6599|1.0|0.006153846|0|0|null|1
310|copper|4|458.6599|1.0|0.006153846|0|0|null|1
311|copper|4|462.6599|1.0|0.006153846|0|0|null|1
312|copper|4|466.6599|1.0|0.006153846|0|0|null|1
313|copper|4|470.6599|1.0|0.006153846|0|0|null|1
314|copper|4|474.6599|1.0|0.006153846|0|0|null|1
315|copper|4|478.6599|1.0|0.006153846|0|0|null|1
316|copper|4|482.6599|1.0|0.006153846|0|0|null|1
317|copper|4|486.6599|1.0|0.006153846|0|0|null|1
318|copper|4|490.6599|1.0|0.006153846|0|0|null|1
319|copper|4|494.6599|1.0|0.006153846|0|0|null|1
320|copper|4|498.6599|1.0|0.006153846|0|0|null|1
321|copper|4|502.6599|1.0|0.006153846|0|0|null|1
322|copper|4|506.6599|1.0|0.006153846|0|0|null|1
323|copper|4|510.6599|1.0|0.006153846|0|0|null|1
324|copper|4|514.6599|1.0|0.006153846|0|0|null|1
325|copper|4|518.6599|1.0|0.006153846|0|0|null|1
326|copper|4|522.6599|1.0|0.006153846|0|0|null|1
327|copper|4|526.6599|1.0|0.006153846|0|0|null|1
328|copper|4|530.6599|1.0|0.006153846|0|0|null|1
329|copper|4|534.6599|1.0|0.006153846|0|0|null|1
330|copper|4|538.6599|1.0|0.006153846|0|0|null|1
331|copper|4|542.6599|1.0|0.006153846|0|0|null|1
332|copper|4|546.6599|1.0|0.006153846|0|0|null|1
333|copper|4|550.6599|1.0|0.006153846|0|0|null|1
334|copper|4|554.6599|1.0|0.006153846|0|0|null|1
335|copper|4|558.6599|1.0|0.006153846|0|0|null|1
336|copper|4|562.6599|1.0|0.006153846|0|0|null|1
337|copper|4|566.6599|1.0|0.006153846|0|0|null|1
338|copper|4|570.6599|1.0|0.006153846|0|0|null|1
339|copper|4|574.6599|1.0|0.006153846|0|0|null|1
340|copper|4|578.6599|1.0|0.006153846|0|0|null|1
341|copper|4|582.6599|1.0|0.006153846|0|0|null|1
342|copper|4|586.6599|1.0|0.006153846|0|0|null|1
343|copper|4|590.6599|1.0|0.006153846|0|0|null|1
344|copper|4|594.6599|1.0|0.006153846|0|0|null|1
345|copper|4|598.6599|1.0|0.006153846|0|0|null|1
346|copper|4|602.6599|1.0|0.006153846|0|0|null|1
347|copper|4|606.6599|1.0|0.006153846|0|0|null|1
348|copper|4|610.6599|1.0|0.006153846|0|0|null|1
349|copper|4|614.6599|1.0|0.006153846|0|0|null|1
350|copper|4|618.6599|1.0|0.006153846|0|0|null|1
351|copper|4|622.6599|1.0|0.006153846|0|0|null|1
352|copper|4|626.6599|1.0|0.006153846|0|0|null|1
353|copper|4|630.6599|1.0|0.006153846|0|0|null|1
354|copper|4|634.6599|1.0|0.006153846|0|0|null|1
355|copper|4|638.6599|1.0|0.006153846|0|0|null|1
356|copper|4|642.6599|1.0|0.006153846|0|0|null|1
357|copper|4|646.6599|1.0|0.006153846|0|0|null|1
358|copper|4|0.6599121|1.0|0.006153846|0|1|0.035|1
359|copper|4|4.659912|1.0|0.006153846|0|1|0.07|1
360|copper|4|8.659912|1.0|0.006153846|0|1|0.105000004|1
361|copper|4|12.659912|1.0|0.006153846|0|1|0.14|1
362|copper|4|16.659912|1.0|0.006153846|0|1|0.175|1
363|copper|4|20.659912|1.0|0.006153846|0|1|0.21|1
364|copper|4|24.659912|1.0|0.006153846|0|1|0.24499999|1
365|copper|4|28.659912|1.0|0.006153846|0|1|0.28|1
366|copper|4|32.659912|1.0|0.006153846|0|1|0.315|1
367|copper|4|36.659912|1.0|0.006153846|0|1|0.35|1
368|copper|4|40.659912|1.0|0.006153846|0|1|0.385|1
369|copper|4|44.659912|1.0|0.006153846|0|1|0.42|1
370|copper|4|48.659912|1.0|0.006153846|0|1|0.45499998|1
371|copper|4|52.659912|1.0|0.006153846|0|1|0.48999998|1
372|copper|4|56.659912|1.0|0.006153846|0|1|0.525|1
373|copper|4|60.659912|1.0|0.006153846|0|1|0.56|1
374|copper|4|64.65991|1.0|0.006153846|0|1|0.595|1
375|copper|4|68.65991|1.0|0.006153846|0|1|0.63000005|1
376|copper|4|72.65991|1.0|0.006153846|0|1|0.6650001|1
377|copper|4|76.65991|1.0|0.006153846|0|1|0.7000001|1
378|copper|4|80.65991|1.0|0.006153846|0|1|0.73500013|1
379|copper|4|84.65991|1.0|0.006153846|0|1|0.77000016|1
380|copper|4|88.65991|1.0|0.006153846|0|1|0.8050002|1
381|copper|4|92.65991|1.0|0.006153846|0|1|0.8400002|1
382|copper|4|96.65991|1.0|0.006153846|0|1|0.87500024|1
383|copper|4|100.65991|1.0|0.006153846|0|1|0.91000026|1
384|copper|4|104.65991|1.0|0.006153846|0|1|0.9450003|1
385|copper|4|108.65991|1.0|0.006153846|0|1|0.9800003|1
386|copper|4|112.65991|1.0|0.006153846|0|0|null|2
387|copper|4|116.65991|1.0|0.006153846|0|0|null|2
388|copper|4|120.65991|1.0|0.006153846|0|0|null|2
389|copper|4|124.65991|1.0|0.006153846|0|0|null|2
390|copper|4|128.65991|1.0|0.006153846|0|0|null|2
391|copper|4|132.65991|1.0|0.006153846|0|0|null|2
392|copper|4|136.65991|1.0|0.006153846|0|0|null|2
393|copper|4|140.65991|1.0|0.006153846|0|0|null|2
394|copper|4|144.65991|1.0|0.006153846|0|0|null|2
395|copper|4|148.65991|1.0|0.006153846|0|0|null|2
396|copper|4|152.65991|1.0|0.006153846|0|0|null|2
397|copper|4|156.65991|1.0|0.006153846|0|0|null|2
398|copper|4|160.65991|1.0|0.006153846|0|0|null|2
399|copper|4|164.65991|1.0|0.006153846|0|0|null|2
400|copper|4|168.65991|1.0|0.006153846|0|0|null|2
401|copper|4|172.65991|1.0|0.006153846|0|0|null|2
402|copper|4|176.65991|1.0|0.006153846|0|0|null|2
403|copper|4|180.65991|1.0|0.006153846|0|0|null|2
404|copper|4|184.65991|1.0|0.006153846|0|0|null|2
405|copper|4|188.65991|1.0|0.006153846|0|0|null|2
406|copper|4|192.65991|1.0|0.006153846|0|0|null|2
407|copper|4|196.65991|1.0|0.006153846|0|0|null|2
408|copper|4|200.65991|1.0|0.006153846|0|0|null|2
409|copper|4|204.65991|1.0|0.006153846|0|0|null|2
410|copper|4|208.65991|1.0|0.006153846|0|0|null|2
411|copper|4|212.65991|1.0|0.006153846|0|0|null|2
412|copper|4|216.65991|1.0|0.006153846|0|0|null|2
413|copper|4|220.65991|1.0|0.006153846|0|0|null|2
414|copper|4|224.65991|1.0|0.006153846|0|0|null|2
415|copper|4|228.65991|1.0|0.006153846|0|0|null|2
416|copper|4|232.65991|1.0|0.006153846|0|0|null|2
417|copper|4|236.65991|1.0|0.006153846|0|0|null|2
418|copper|4|240.65991|1.0|0.006153846|0|0|null|2
419|copper|4|244.65991|1.0|0.006153846|0|0|null|2
420|copper|4|248.65991|1.0|0.006153846|0|0|null|2
421|copper|4|252.65991|1.0|0.006153846|0|0|null|2
422|copper|4|256.6599|1.0|0.006153846|0|0|null|2
423|copper|4|260.6599|1.0|0.006153846|0|0|null|2
424|copper|4|264.6599|1.0|0.006153846|0|0|null|2
425|copper|4|268.6599|1.0|0.006153846|0|0|null|2
426|copper|4|272.6599|1.0|0.006153846|0|0|null|2
427|copper|4|276.6599|1.0|0.006153846|0|0|null|2
428|copper|4|280.6599|1.0|0.006153846|0|0|null|2
429|copper|4|284.6599|1.0|0.006153846|0|0|null|2
430|copper|4|288.6599|1.0|0.006153846|0|0|null|2
431|copper|4|292.6599|1.0|0.006153846|0|0|null|2
432|copper|4|296.6599|1.0|0.006153846|0|0|null|2
433|copper|4|300.6599|1.0|0.006153846|0|0|null|2
434|copper|4|304.6599|1.0|0.006153846|0|0|null|2
435|copper|4|308.6599|1.0|0.006153846|0|0|null|2
436|copper|4|312.6599|1.0|0.006153846|0|0|null|2
437|copper|4|316.6599|1.0|0.006153846|0|0|null|2
438|copper|4|320.6599|1.0|0.006153846|0|0|null|2
439|copper|4|324.6599|1.0|0.006153846|0|0|null|2
440|copper|4|328.6599|1.0|0.006153846|0|0|null|2
441|copper|4|332.6599|1.0|0.006153846|0|0|null|2
442|copper|4|336.6599|1.0|0.006153846|0|0|null|2
443|copper|4|340.6599|1.0|0.006153846|0|0|null|2
444|copper|4|344.6599|1.0|0.006153846|0|0|null|2
445|copper|4|348.6599|1.0|0.006153846|0|0|null|2
446|copper|4|352.6599|1.0|0.006153846|0|0|null|2
447|copper|4|356.6599|1.0|0.006153846|0|0|null|2
448|copper|4|360.6599|1.0|0.006153846|0|0|null|2
449|copper|4|364.6599|1.0|0.006153846|0|0|null|2
450|copper|4|368.6599|1.0|0.006153846|0|0|null|2
451|copper|4|372.6599|1.0|0.006153846|0|0|null|2
452|copper|4|376.6599|1.0|0.006153846|0|0|null|2
453|copper|4|380.6599|1.0|0.006153846|0|0|null|2
454|copper|4|384.6599|1.0|0.006153846|0|0|null|2
455|copper|4|388.6599|1.0|0.006153846|0|0|null|2
456|copper|4|392.6599|1.0|0.006153846|0|0|null|2
457|copper|4|396.6599|1.0|0.006153846|0|0|null|2
458|copper|4|400.6599|1.0|0.006153846|0|0|null|2
459|copper|4|404.6599|1.0|0.006153846|0|0|null|2
460|copper|4|408.6599|1.0|0.006153846|0|0|null|2
461|copper|4|412.6599|1.0|0.006153846|0|0|null|2
462|copper|4|416.6599|1.0|0.006153846|0|0|null|2
463|copper|4|420.6599|1.0|0.006153846|0|0|null|2
464|copper|4|424.6599|1.0|0.006153846|0|0|null|2
465|copper|4|428.6599|1.0|0.006153846|0|0|null|2
466|copper|4|432.6599|1.0|0.006153846|0|0|null|2
467|copper|4|436.6599|1.0|0.006153846|0|0|null|2
468|copper|4|440.6599|1.0|0.006153846|0|0|null|2
469|copper|4|444.6599|1.0|0.006153846|0|0|null|2
470|copper|4|448.6599|1.0|0.006153846|0|0|null|2
471|copper|4|452.6599|1.0|0.006153846|0|0|null|2
472|copper|4|456.6599|1.0|0.006153846|0|0|null|2
473|copper|4|460.6599|1.0|0.006153846|0|0|null|2
474|copper|4|464.6599|1.0|0.006153846|0|0|null|2
475|copper|4|468.6599|1.0|0.006153846|0|0|null|2
476|copper|4|472.6599|1.0|0.006153846|0|0|null|2
477|copper|4|476.6599|1.0|0.006153846|0|0|null|2
478|copper|4|480.6599|1.0|0.006153846|0|0|null|2
479|copper|4|484.6599|1.0|0.006153846|0|0|null|2
480|copper|4|488.6599|1.0|0.006153846|0|0|null|2
481|copper|4|492.6599|1.0|0.006153846|0|0|null|2
482|copper|4|496.6599|1.0|0.006153846|0|0|null|2
483|copper|4|500.6599|1.0|0.006153846|0|0|null|2
484|copper|4|504.6599|1.0|0.006153846|0|0|null|2
485|copper|4|508.6599|1.0|0.006153846|0|0|null|2
486|copper|4|512.6599|1.0|0.006153846|0|0|null|2
487|copper|4|516.6599|1.0|0.006153846|0|0|null|2
488|copper|4|520.6599|1.0|0.006153846|0|0|null|2
489|copper|4|524.6599|1.0|0.006153846|0|0|null|2
490|copper|4|528.6599|1.0|0.006153846|0|0|null|2
491|copper|4|532.6599|1.0|0.006153846|0|0|null|2
492|copper|4|536.6599|1.0|0.006153846|0|0|null|2
493|copper|4|540.6599|1.0|0.006153846|0|0|null|2
494|copper|4|544.6599|1.0|0.006153846|0|0|null|2
495|copper|4|548.6599|1.0|0.006153846|0|0|null|2
496|copper|4|552.6599|1.0|0.006153846|0|0|null|2
497|copper|4|556.6599|1.0|0.006153846|0|0|null|2
498|copper|4|560.6599|1.0|0.006153846|0|0|null|2
499|copper|4|564.6599|1.0|0.006153846|0|0|null|2
500|copper|4|568.6599|1.0|0.006153846|0|0|null|2
501|copper|4|572.6599|1.0|0.006153846|0|0|null|2
502|copper|4|576.6599|1.0|0.006153846|0|0|null|2
503|copper|4|580.6599|1.0|0.006153846|0|0|null|2
504|copper|4|584.6599|1.0|0.006153846|0|0|null|2
505|copper|4|588.6599|1.0|0.006153846|0|0|null|2
506|copper|4|592.6599|1.0|0.006153846|0|0|null|2
507|copper|4|596.6599|1.0|0.006153846|0|0|null|2
508|copper|4|600.6599|1.0|0.006153846|0|0|null|2
509|copper|4|604.6599|1.0|0.006153846|0|0|null|2
510|copper|4|608.6599|1.0|0.006153846|0|0|null|2
511|copper|4|612.6599|1.0|0.006153846|0|0|null|2
512|copper|4|616.6599|1.0|0.006153846|0|0|null|2
513|copper|4|620.6599|1.0|0.006153846|0|0|null|2
514|copper|4|624.6599|1.0|0.006153846|0|0|null|2
515|copper|4|628.6599|1.0|0.006153846|0|0|null|2
516|copper|4|632.6599|1.0|0.006153846|0|0|null|2
517|copper|4|636.6599|1.0|0.006153846|0|0|null|2
518|copper|4|640.6599|1.0|0.006153846|0|0|null|2
519|copper|4|644.6599|1.0|0.006153846|0|0|null|2
520|copper|4|648.6599|1.0|0.006153846|0|0|null|2
521|copper|4|2.659912|1.0|0.006153846|0|1|0.035|2
522|copper|4|6.659912|1.0|0.006153846|0|1|0.07|2
523|copper|4|10.659912|1.0|0.006153846|0|1|0.105000004|2
524|copper|4|14.659912|1.0|0.006153846|0|1|0.14|2
525|copper|4|18.659912|1.0|0.006153846|0|1|0.175|2
526|copper|4|22.659912|1.0|0.006153846|0|1|0.21|2
527|copper|4|26.659912|1.0|0.006153846|0|1|0.24499999|2
528|copper|4|30.659912|1.0|0.006153846|0|1|0.28|2
529|copper|4|34.659912|1.0|0.006153846|0|1|0.315|2
530|copper|4|38.659912|1.0|0.006153846|0|1|0.35|2
531|copper|4|42.659912|1.0|0.006153846|0|1|0.385|2
532|copper|4|46.659912|1.0|0.006153846|0|1|0.42|2
533|copper|4|50.659912|1.0|0.006153846|0|1|0.45499998|2
534|copper|4|54.659912|1.0|0.006153846|0|1|0.48999998|2
535|copper|4|58.659912|1.0|0.006153846|0|1|0.525|2
536|copper|4|62.659912|1.0|0.006153846|0|1|0.56|2
537|copper|4|66.65991|1.0|0.006153846|0|1|0.595|2
538|copper|4|70.65991|1.0|0.006153846|0|1|0.63000005|2
539|copper|4|74.65991|1.0|0.006153846|0|1|0.6650001|2
540|copper|4|78.65991|1.0|0.006153846|0|1|0.7000001|2
541|copper|4|82.65991|1.0|0.006153846|0|1|0.73500013|2
542|copper|4|86.65991|1.0|0.006153846|0|1|0.77000016|2
543|copper|4|90.65991|1.0|0.006153846|0|1|0.8050002|2
544|copper|4|94.65991|1.0|0.006153846|0|1|0.8400002|2
545|copper|4|98.65991|1.0|0.006153846|0|1|0.87500024|2
546|copper|4|102.65991|1.0|0.006153846|0|1|0.91000026|2
547|copper|4|106.65991|1.0|0.006153846|0|1|0.9450003|2
548|copper|4|110.65991|1.0|0.006153846|0|1|0.9800003|2
549|copper|4|114.65991|1.0|0.006153846|0|0|null|3
550|copper|4|118.65991|1.0|0.006153846|0|0|null|3
551|copper|4|122.65991|1.0|0.006153846|0|0|null|3
552|copper|4|126.65991|1.0|0.006153846|0|0|null|3
553|copper|4|130.65991|1.0|0.006153846|0|0|null|3
554|copper|4|134.65991|1.0|0.006153846|0|0|null|3
555|copper|4|138.65991|1.0|0.006153846|0|0|null|3
556|copper|4|142.65991|1.0|0.006153846|0|0|null|3
557|copper|4|146.65991|1.0|0.006153846|0|0|null|3
558|copper|4|150.65991|1.0|0.006153846|0|0|null|3
559|copper|4|154.65991|1.0|0.006153846|0|0|null|3
560|copper|4|158.65991|1.0|0.006153846|0|0|null|3
561|copper|4|162.65991|1.0|0.006153846|0|0|null|3
562|copper|4|166.65991|1.0|0.006153846|0|0|null|3
563|copper|4|170.65991|1.0|0.006153846|0|0|null|3
564|copper|4|174.65991|1.0|0.006153846|0|0|null|3
565|copper|4|178.65991|1.0|0.006153846|0|0|null|3
566|copper|4|182.65991|1.0|0.006153846|0|0|null|3
567|copper|4|186.65991|1.0|0.006153846|0|0|null|3
568|copper|4|190.65991|1.0|0.006153846|0|0|null|3
569|copper|4|194.65991|1.0|0.006153846|0|0|null|3
570|copper|4|198.65991|1.0|0.006153846|0|0|null|3
571|copper|4|202.65991|1.0|0.006153846|0|0|null|3
572|copper|4|206.65991|1.0|0.006153846|0|0|null|3
573|copper|4|210.65991|1.0|0.006153846|0|0|null|3
574|copper|4|214.65991|1.0|0.006153846|0|0|null|3
575|copper|4|218.65991|1.0|0.006153846|0|0|null|3
576|copper|4|222.65991|1.0|0.006153846|0|0|null|3
577|copper|4|226.65991|1.0|0.006153846|0|0|null|3
578|copper|4|230.65991|1.0|0.006153846|0|0|null|3
579|copper|4|234.65991|1.0|0.006153846|0|0|null|3
580|copper|4|238.65991|1.0|0.006153846|0|0|null|3
581|copper|4|242.65991|1.0|0.006153846|0|0|null|3
582|copper|4|246.65991|1.0|0.006153846|0|0|null|3
583|copper|4|250.65991|1.0|0.006153846|0|0|null|3
584|copper|4|254.65991|1.0|0.006153846|0|0|null|3
585|copper|4|258.6599|1.0|0.006153846|0|0|null|3
586|copper|4|262.6599|1.0|0.006153846|0|0|null|3
587|copper|4|266.6599|1.0|0.006153846|0|0|null|3
588|copper|4|270.6599|1.0|0.006153846|0|0|null|3
589|copper|4|274.6599|1.0|0.006153846|0|0|null|3
590|copper|4|278.6599|1.0|0.006153846|0|0|null|3
591|copper|4|282.6599|1.0|0.006153846|0|0|null|3
592|copper|4|286.6599|1.0|0.006153846|0|0|null|3
593|copper|4|290.6599|1.0|0.006153846|0|0|null|3
594|copper|4|294.6599|1.0|0.006153846|0|0|null|3
595|copper|4|298.6599|1.0|0.006153846|0|0|null|3
596|copper|4|302.6599|1.0|0.006153846|0|0|null|3
597|copper|4|306.6599|1.0|0.006153846|0|0|null|3
598|copper|4|310.6599|1.0|0.006153846|0|0|null|3
599|copper|4|314.6599|1.0|0.006153846|0|0|null|3
600|copper|4|318.6599|1.0|0.006153846|0|0|null|3
# [B] c1 received its 1st item @ tick 196; that item left c1 for c2 @ tick 224 (c1 is empty afterwards: the drill is far slower than the belt)
